CTD/0. Raw files/stn3conv.cnv
* Sea-Bird SBE 19plus V2 Data File:
* FileName = C:\Documents and Settings\fieldwork\Desktop\130821\stn3.hex
* Software Version Seasave V 7.21d
* Temperature SN = 7390
* Conductivity SN = 7390
* System UpLoad Time = Aug 13 2021 12:47:15
* Real-Time Sample Interval = 0.2500 seconds
* System UTC = Aug 13 2021 12:47:15
# nquan = 11
# nvalues = 2003                        
# units = specified
# name 0 = depSM: Depth [salt water, m], lat = 52.00
# name 1 = prdM: Pressure, Strain Gauge [db]
# name 2 = tv290C: Temperature [ITS-90, deg C]
# name 3 = sal00: Salinity, Practical [PSU]
# name 4 = density00: Density [density, Kg/m^3]
# name 5 = v0: Voltage 0
# name 6 = v1: Voltage 1
# name 7 = v2: Voltage 2
# name 8 = sbeox0Mg/L: Oxygen, SBE 43 [mg/l]
# name 9 = sbeox0PS: Oxygen, SBE 43 [% saturation]
# name 10 = flag:  0.000e+00
# span 0 =      0.133,     23.186       
# span 1 =      0.134,     23.392       
# span 2 =    14.3644,    17.9877       
# span 3 =     0.0198,    35.0428       
# span 4 =   998.6174,  1026.1374       
# span 5 =     0.0289,     4.8988       
# span 6 =     0.0805,     4.8318       
# span 7 =     1.9896,     2.7258       
# span 8 =    0.00000,    0.00000       
# span 9 =    0.00000,    0.00000       
# span 10 = 0.0000e+00, 0.0000e+00      
# interval = seconds: 0.25
# start_time = Aug 13 2021 12:47:15 [System UTC, header]
# bad_flag = -9.990e-29
*END*
[from data line 919]
      9.464      9.548    14.7852    34.8604  1025.9533     0.0439     3.2641     2.3733    0.00000    0.00000 0.0000e+00
      9.501      9.585    14.7844    34.8608  1025.9539     0.0459     3.2339     2.3726    0.00000    0.00000 0.0000e+00
      9.537      9.621    14.7838    34.8609  1025.9544     0.0488     3.2232     2.3722    0.00000    0.00000 0.0000e+00
      9.574      9.659    14.7833    34.8611  1025.9549     0.0512     3.2293     2.3719    0.00000    0.00000 0.0000e+00
      9.610      9.695    14.7829    34.8614  1025.9554     0.0523     3.2338     2.3715    0.00000    0.00000 0.0000e+00
      9.643      9.728    14.7825    34.8616  1025.9558     0.0525     3.2249     2.3711    0.00000    0.00000 0.0000e+00
      9.674      9.759    14.7823    34.8618  1025.9562     0.0524     3.2099     2.3707    0.00000    0.00000 0.0000e+00
      9.706      9.792    14.7821    34.8619  1025.9565     0.0517     3.2009     2.3703    0.00000    0.00000 0.0000e+00
      9.744      9.830    14.7817    34.8620  1025.9568     0.0501     3.1989     2.3698    0.00000    0.00000 0.0000e+00
      9.789      9.875    14.7811    34.8617  1025.9568     0.0483     3.1988     2.3694    0.00000    0.00000 0.0000e+00
      9.841      9.927    14.7800    34.8611  1025.9567     0.0468     3.1996     2.3690    0.00000    0.00000 0.0000e+00
      9.900      9.987    14.7785    34.8604  1025.9565     0.0456     3.2041     2.3687    0.00000    0.00000 0.0000e+00
      9.972     10.060    14.7762    34.8595  1025.9564     0.0448     3.2148     2.3684    0.00000    0.00000 0.0000e+00
     10.063     10.151    14.7727    34.8582  1025.9562     0.0442     3.2261     2.3682    0.00000    0.00000 0.0000e+00
     10.174     10.263    14.7674    34.8561  1025.9555     0.0442     3.2281     2.3682    0.00000    0.00000 0.0000e+00
     10.298     10.389    14.7603    34.8532  1025.9546     0.0446     3.2154     2.3684    0.00000    0.00000 0.0000e+00
     10.420     10.512    14.7526    34.8508  1025.9545     0.0450     3.1980     2.3687    0.00000    0.00000 0.0000e+00
     10.523     10.616    14.7460    34.8512  1025.9567     0.0451     3.2060     2.3691    0.00000    0.00000 0.0000e+00
     10.592     10.685    14.7417    34.8546  1025.9613     0.0444     3.2568     2.3693    0.00000    0.00000 0.0000e+00
     10.618     10.712    14.7404    34.8598  1025.9669     0.0429     3.3359     2.3692    0.00000    0.00000 0.0000e+00
     10.606     10.700    14.7419    34.8655  1025.9722     0.0409     3.4064     2.3687    0.00000    0.00000 0.0000e+00
     10.564     10.658    14.7457    34.8704  1025.9761     0.0391     3.4337     2.3676    0.00000    0.00000 0.0000e+00
     10.506     10.600    14.7509    34.8739  1025.9782     0.0378     3.4218     2.3661    0.00000    0.00000 0.0000e+00
     10.447     10.539    14.7566    34.8757  1025.9784     0.0368     3.4042     2.3644    0.00000    0.00000 0.0000e+00
     10.398     10.490    14.7614    34.8753  1025.9768     0.0359     3.4073     2.3626    0.00000    0.00000 0.0000e+00
     10.372     10.464    14.7644    34.8728  1025.9735     0.0353     3.4334     2.3608    0.00000    0.00000 0.0000e+00
     10.376     10.468    14.7650    34.8688  1025.9695     0.0354     3.4592     2.3592    0.00000    0.00000 0.0000e+00
     10.412     10.504    14.7627    34.8640  1025.9653     0.0363     3.4657     2.3578    0.00000    0.00000 0.0000e+00
     10.477     10.570    14.7575    34.8586  1025.9612     0.0374     3.4556     2.3569    0.00000    0.00000 0.0000e+00
     10.564     10.658    14.7504    34.8540  1025.9585     0.0381     3.4279     2.3565    0.00000    0.00000 0.0000e+00
     10.664     10.759    14.7426    34.8517  1025.9583     0.0382     3.3793     2.3565    0.00000    0.00000 0.0000e+00
     10.770     10.866    14.7352    34.8519  1025.9606     0.0379     3.3268     2.3567    0.00000    0.00000 0.0000e+00
     10.872     10.969    14.7289    34.8540  1025.9643     0.0371     3.2890     2.3568    0.00000    0.00000 0.0000e+00
     10.964     11.062    14.7237    34.8569  1025.9685     0.0359     3.2682     2.3566    0.00000    0.00000 0.0000e+00
     11.047     11.145    14.7192    34.8595  1025.9723     0.0347     3.2611     2.3563    0.00000    0.00000 0.0000e+00
     11.123     11.222    14.7150    34.8613  1025.9751     0.0338     3.2573     2.3557    0.00000    0.00000 0.0000e+00
     11.197     11.296    14.7105    34.8622  1025.9771     0.0335     3.2465     2.3549    0.00000    0.00000 0.0000e+00
     11.268     11.368    14.7054    34.8622  1025.9784     0.0337     3.2251     2.3540    0.00000    0.00000 0.0000e+00
     11.336     11.437    14.7001    34.8619  1025.9794     0.0343     3.1898     2.3531    0.00000    0.00000 0.0000e+00
     11.399     11.500    14.6954    34.8625  1025.9813     0.0352     3.1532     2.3520    0.00000    0.00000 0.0000e+00
     11.457     11.559    14.6916    34.8645  1025.9842     0.0362     3.1321     2.3506    0.00000    0.00000 0.0000e+00
     11.513     11.616    14.6885    34.8666  1025.9872     0.0375     3.1290     2.3491    0.00000    0.00000 0.0000e+00
     11.567     11.669    14.6860    34.8684  1025.9896     0.0388     3.1386     2.3481    0.00000    0.00000 0.0000e+00
     11.617     11.720    14.6840    34.8699  1025.9916     0.0399     3.1524     2.3476    0.00000    0.00000 0.0000e+00
     11.667     11.770    14.6823    34.8709  1025.9932     0.0408     3.1661     2.3473    0.00000    0.00000 0.0000e+00
     11.717     11.821    14.6806    34.8715  1025.9943     0.0415     3.1781     2.3471    0.00000    0.00000 0.0000e+00
     11.772     11.877    14.6786    34.8717  1025.9951     0.0421     3.1945     2.3466    0.00000    0.00000 0.0000e+00
     11.836     11.940    14.6760    34.8714  1025.9955     0.0428     3.2278     2.3461    0.00000    0.00000 0.0000e+00
     11.907     12.013    14.6725    34.8705  1025.9956     0.0434     3.2648     2.3454    0.00000    0.00000 0.0000e+00
     11.985     12.091    14.6687    34.8695  1025.9957     0.0441     3.2696     2.3445    0.00000    0.00000 0.0000e+00
     12.062     12.169    14.6651    34.8694  1025.9967     0.0451     3.2294     2.3433    0.00000    0.00000 0.0000e+00
     12.131     12.238    14.6622    34.8706  1025.9988     0.0462     3.1599     2.3419    0.00000    0.00000 0.0000e+00
     12.184     12.292    14.6604    34.8726  1026.0014     0.0471     3.0897     2.3402    0.00000    0.00000 0.0000e+00
     12.220     12.328    14.6597    34.8748  1026.0039     0.0475     3.0548     2.3380    0.00000    0.00000 0.0000e+00
     12.242     12.350    14.6599    34.8769  1026.0060     0.0472     3.0743     2.3355    0.00000    0.00000 0.0000e+00
     12.253     12.362    14.6604    34.8784  1026.0073     0.0463     3.1392     2.3327    0.00000    0.00000 0.0000e+00
     12.262     12.371    14.6609    34.8789  1026.0077     0.0455     3.2192     2.3299    0.00000    0.00000 0.0000e+00
     12.274     12.383    14.6609    34.8785  1026.0073     0.0451     3.2849     2.3270    0.00000    0.00000 0.0000e+00
     12.295     12.403    14.6603    34.8775  1026.0066     0.0450     3.3328     2.3242    0.00000    0.00000 0.0000e+00
     12.330     12.439    14.6589    34.8763  1026.0058     0.0448     3.3729     2.3216    0.00000    0.00000 0.0000e+00
     12.389     12.499    14.6564    34.8748  1026.0050     0.0445     3.4126     2.3195    0.00000    0.00000 0.0000e+00
     12.478     12.588    14.6527    34.8729  1026.0043     0.0444     3.4374     2.3178    0.00000    0.00000 0.0000e+00
     12.595     12.706    14.6480    34.8712  1026.0040     0.0444     3.4240     2.3167    0.00000    0.00000 0.0000e+00
     12.732     12.845    14.6426    34.8700  1026.0045     0.0445     3.3831     2.3161    0.00000    0.00000 0.0000e+00
     12.879     12.993    14.6370    34.8695  1026.0059     0.0446     3.3351     2.3159    0.00000    0.00000 0.0000e+00
     13.022     13.138    14.6315    34.8699  1026.0079     0.0446     3.2794     2.3162    0.00000    0.00000 0.0000e+00
     13.146     13.262    14.6268    34.8711  1026.0106     0.0443     3.2162     2.3167    0.00000    0.00000 0.0000e+00
     13.235     13.353    14.6235    34.8732  1026.0138     0.0438     3.1564     2.3175    0.00000    0.00000 0.0000e+00
     13.282     13.400    14.6221    34.8762  1026.0174     0.0433     3.1103     2.3182    0.00000    0.00000 0.0000e+00
     13.286     13.404    14.6228    34.8800  1026.0211     0.0430     3.0870     2.3186    0.00000    0.00000 0.0000e+00
     13.254     13.371    14.6252    34.8836  1026.0240     0.0427     3.0830     2.3185    0.00000    0.00000 0.0000e+00
     13.199     13.316    14.6286    34.8860  1026.0254     0.0424     3.0857     2.3179    0.00000    0.00000 0.0000e+00
     13.141     13.257    14.6321    34.8871  1026.0255     0.0420     3.0895     2.3167    0.00000    0.00000 0.0000e+00
     13.101     13.216    14.6348    34.8867  1026.0243     0.0418     3.0971     2.3152    0.00000    0.00000 0.0000e+00
     13.094     13.210    14.6359    34.8847  1026.0219     0.0416     3.1071     2.3138    0.00000    0.00000 0.0000e+00
     13.131     13.247    14.6349    34.8813  1026.0189     0.0417     3.1058     2.3128    0.00000    0.00000 0.0000e+00
     13.209     13.326    14.6318    34.8774  1026.0160     0.0418     3.0939     2.3125    0.00000    0.00000 0.0000e+00
     13.318     13.436    14.6274    34.8741  1026.0141     0.0419     3.0897     2.3127    0.00000    0.00000 0.0000e+00
     13.441     13.561    14.6226    34.8723  1026.0140     0.0421     3.0968     2.3133    0.00000    0.00000 0.0000e+00
     13.561     13.681    14.6187    34.8727  1026.0158     0.0422     3.1084     2.3141    0.00000    0.00000 0.0000e+00
     13.666     13.787    14.6159    34.8749  1026.0190     0.0421     3.1344     2.3151    0.00000    0.00000 0.0000e+00
     13.753     13.875    14.6141    34.8775  1026.0222     0.0417     3.1720     2.3160    0.00000    0.00000 0.0000e+00
     13.825     13.947    14.6127    34.8793  1026.0245     0.0412     3.1970     2.3166    0.00000    0.00000 0.0000e+00
     13.884     14.007    14.6114    34.8801  1026.0258     0.0410     3.2094     2.3169    0.00000    0.00000 0.0000e+00
     13.936     14.059    14.6099    34.8801  1026.0264     0.0412     3.2119     2.3169    0.00000    0.00000 0.0000e+00
     13.983     14.106    14.6077    34.8797  1026.0265     0.0419     3.1877     2.3166    0.00000    0.00000 0.0000e+00
     14.029     14.153    14.6047    34.8788  1026.0264     0.0430     3.1470     2.3163    0.00000    0.00000 0.0000e+00
     14.082     14.207    14.6004    34.8773  1026.0259     0.0444     3.1147     2.3163    0.00000    0.00000 0.0000e+00
     14.148     14.274    14.5949    34.8753  1026.0253     0.0460     3.0907     2.3164    0.00000    0.00000 0.0000e+00
     14.227     14.354    14.5886    34.8736  1026.0253     0.0481     3.0706     2.3168    0.00000    0.00000 0.0000e+00
     14.313     14.441    14.5821    34.8730  1026.0264     0.0513     3.0537     2.3173    0.00000    0.00000 0.0000e+00
     14.399     14.527    14.5760    34.8736  1026.0286     0.0549     3.0335     2.3179    0.00000    0.00000 0.0000e+00
     14.479     14.607    14.5709    34.8753  1026.0316     0.0565     3.0194     2.3186    0.00000    0.00000 0.0000e+00
     14.549     14.678    14.5670    34.8777  1026.0351     0.0555     3.0342     2.3190    0.00000    0.00000 0.0000e+00
     14.608     14.738    14.5642    34.8803  1026.0385     0.0533     3.0841     2.3190    0.00000    0.00000 0.0000e+00
     14.653     14.783    14.5626    34.8827  1026.0415     0.0506     3.1505     2.3186    0.00000    0.00000 0.0000e+00
     14.681     14.811    14.5623    34.8850  1026.0440     0.0478     3.2009     2.3178    0.00000    0.00000 0.0000e+00
     14.688     14.818    14.5633    34.8875  1026.0462     0.0452     3.2087     2.3166    0.00000    0.00000 0.0000e+00
     14.677     14.808    14.5655    34.8899  1026.0481     0.0433     3.1708     2.3152    0.00000    0.00000 0.0000e+00
     14.659     14.789    14.5681    34.8917  1026.0492     0.0419     3.1156     2.3136    0.00000    0.00000 0.0000e+00
     14.644     14.774    14.5704    34.8922  1026.0490     0.0411     3.0759     2.3119    0.00000    0.00000 0.0000e+00
     14.647     14.776    14.5715    34.8910  1026.0475     0.0408     3.0591     2.3103    0.00000    0.00000 0.0000e+00
     14.675     14.805    14.5707    34.8884  1026.0452     0.0409     3.0674     2.3089    0.00000    0.00000 0.0000e+00
     14.734     14.865    14.5677    34.8847  1026.0423     0.0414     3.0969     2.3075    0.00000    0.00000 0.0000e+00
     14.824     14.955    14.5630    34.8807  1026.0399     0.0424     3.1251     2.3064    0.00000    0.00000 0.0000e+00
     14.942     15.074    14.5572    34.8781  1026.0390     0.0439     3.1432     2.3057    0.00000    0.00000 0.0000e+00
     15.082     15.215    14.5506    34.8767  1026.0396     0.0460     3.1617     2.3055    0.00000    0.00000 0.0000e+00
     15.235     15.370    14.5432    34.8758  1026.0408     0.0478     3.1880     2.3061    0.00000    0.00000 0.0000e+00
     15.390     15.527    14.5357    34.8752  1026.0425     0.0487     3.2294     2.3072    0.00000    0.00000 0.0000e+00
     15.534     15.671    14.5291    34.8760  1026.0453     0.0485     3.2954     2.3087    0.00000    0.00000 0.0000e+00
     15.651     15.790    14.5241    34.8787  1026.0496     0.0474     3.3811     2.3104    0.00000    0.00000 0.0000e+00
     15.732     15.872    14.5210    34.8825  1026.0543     0.0457     3.4608     2.3119    0.00000    0.00000 0.0000e+00
     15.775     15.914    14.5199    34.8864  1026.0586     0.0440     3.4943     2.3130    0.00000    0.00000 0.0000e+00
     15.781     15.921    14.5205    34.8901  1026.0621     0.0427     3.4487     2.3134    0.00000    0.00000 0.0000e+00
     15.761     15.901    14.5227    34.8933  1026.0647     0.0419     3.3420     2.3129    0.00000    0.00000 0.0000e+00
     15.726     15.865    14.5260    34.8958  1026.0664     0.0416     3.2194     2.3114    0.00000    0.00000 0.0000e+00
     15.688     15.827    14.5299    34.8974  1026.0670     0.0414     3.1041     2.3088    0.00000    0.00000 0.0000e+00
     15.661     15.800    14.5334    34.8978  1026.0665     0.0410     3.0105     2.3053    0.00000    0.00000 0.0000e+00
     15.657     15.796    14.5357    34.8966  1026.0647     0.0407     2.9544     2.3014    0.00000    0.00000 0.0000e+00
     15.687     15.825    14.5358    34.8936  1026.0618     0.0409     2.9391     2.2978    0.00000    0.00000 0.0000e+00
     15.754     15.893    14.5333    34.8892  1026.0582     0.0419     2.9592     2.2952    0.00000    0.00000 0.0000e+00
     15.856     15.997    14.5286    34.8843  1026.0548     0.0431     3.0122     2.2938    0.00000    0.00000 0.0000e+00
     15.982     16.124    14.5227    34.8809  1026.0533     0.0442     3.0872     2.2938    0.00000    0.00000 0.0000e+00
     16.118     16.261    14.5163    34.8799  1026.0541     0.0447     3.1594     2.2948    0.00000    0.00000 0.0000e+00
     16.249     16.393    14.5097    34.8798  1026.0559     0.0446     3.2128     2.2964    0.00000    0.00000 0.0000e+00
     16.363     16.508    14.5039    34.8804  1026.0582     0.0439     3.2655     2.2981    0.00000    0.00000 0.0000e+00
     16.454     16.600    14.4996    34.8828  1026.0619     0.0426     3.3466     2.2995    0.00000    0.00000 0.0000e+00
     16.521     16.668    14.4971    34.8864  1026.0662     0.0410     3.4425     2.3002    0.00000    0.00000 0.0000e+00
     16.569     16.715    14.4963    34.8900  1026.0702     0.0393     3.5046     2.3000    0.00000    0.00000 0.0000e+00
     16.604     16.750    14.4969    34.8931  1026.0733     0.0381     3.5084     2.2990    0.00000    0.00000 0.0000e+00
