CTD/0. Raw files/stn3conv.cnv
* Sea-Bird SBE 19plus V2 Data File:
* FileName = C:\Documents and Settings\fieldwork\Desktop\130821\stn3.hex
* Software Version Seasave V 7.21d
* Temperature SN = 7390
* Conductivity SN = 7390
* System UpLoad Time = Aug 13 2021 12:47:15
* Real-Time Sample Interval = 0.2500 seconds
* System UTC = Aug 13 2021 12:47:15
# nquan = 11
# nvalues = 2003                        
# units = specified
# name 0 = depSM: Depth [salt water, m], lat = 52.00
# name 1 = prdM: Pressure, Strain Gauge [db]
# name 2 = tv290C: Temperature [ITS-90, deg C]
# name 3 = sal00: Salinity, Practical [PSU]
# name 4 = density00: Density [density, Kg/m^3]
# name 5 = v0: Voltage 0
# name 6 = v1: Voltage 1
# name 7 = v2: Voltage 2
# name 8 = sbeox0Mg/L: Oxygen, SBE 43 [mg/l]
# name 9 = sbeox0PS: Oxygen, SBE 43 [% saturation]
# name 10 = flag:  0.000e+00
# span 0 =      0.133,     23.186       
# span 1 =      0.134,     23.392       
# span 2 =    14.3644,    17.9877       
# span 3 =     0.0198,    35.0428       
# span 4 =   998.6174,  1026.1374       
# span 5 =     0.0289,     4.8988       
# span 6 =     0.0805,     4.8318       
# span 7 =     1.9896,     2.7258       
# span 8 =    0.00000,    0.00000       
# span 9 =    0.00000,    0.00000       
# span 10 = 0.0000e+00, 0.0000e+00      
# interval = seconds: 0.25
# start_time = Aug 13 2021 12:47:15 [System UTC, header]
# bad_flag = -9.990e-29
*END*
[from data line 787]
      2.887      2.913    15.3699    34.7505  1025.7083     0.0632     2.0243     2.4437    0.00000    0.00000 0.0000e+00
      2.934      2.960    15.3647    34.7528  1025.7116     0.0629     2.0534     2.4422    0.00000    0.00000 0.0000e+00
      2.976      3.003    15.3586    34.7526  1025.7128     0.0619     2.0950     2.4408    0.00000    0.00000 0.0000e+00
      3.015      3.042    15.3521    34.7521  1025.7137     0.0608     2.1481     2.4393    0.00000    0.00000 0.0000e+00
      3.052      3.079    15.3463    34.7529  1025.7159     0.0598     2.1927     2.4377    0.00000    0.00000 0.0000e+00
      3.084      3.111    15.3420    34.7556  1025.7195     0.0592     2.2173     2.4357    0.00000    0.00000 0.0000e+00
      3.109      3.137    15.3394    34.7593  1025.7238     0.0587     2.2260     2.4336    0.00000    0.00000 0.0000e+00
      3.128      3.156    15.3380    34.7627  1025.7275     0.0582     2.2238     2.4313    0.00000    0.00000 0.0000e+00
      3.144      3.172    15.3371    34.7650  1025.7299     0.0575     2.2134     2.4290    0.00000    0.00000 0.0000e+00
      3.162      3.191    15.3358    34.7659  1025.7309     0.0570     2.1967     2.4270    0.00000    0.00000 0.0000e+00
      3.191      3.220    15.3336    34.7654  1025.7309     0.0570     2.1775     2.4253    0.00000    0.00000 0.0000e+00
      3.236      3.265    15.3301    34.7640  1025.7303     0.0576     2.1659     2.4239    0.00000    0.00000 0.0000e+00
      3.299      3.329    15.3255    34.7627  1025.7301     0.0583     2.1678     2.4227    0.00000    0.00000 0.0000e+00
      3.379      3.409    15.3201    34.7621  1025.7308     0.0588     2.1813     2.4217    0.00000    0.00000 0.0000e+00
      3.469      3.500    15.3140    34.7620  1025.7321     0.0591     2.2084     2.4210    0.00000    0.00000 0.0000e+00
      3.561      3.593    15.3081    34.7625  1025.7341     0.0592     2.2538     2.4204    0.00000    0.00000 0.0000e+00
      3.648      3.680    15.3033    34.7645  1025.7373     0.0591     2.3183     2.4200    0.00000    0.00000 0.0000e+00
      3.720      3.752    15.2999    34.7678  1025.7415     0.0591     2.3861     2.4195    0.00000    0.00000 0.0000e+00
      3.770      3.803    15.2978    34.7711  1025.7453     0.0589     2.4283     2.4189    0.00000    0.00000 0.0000e+00
      3.800      3.833    15.2964    34.7736  1025.7482     0.0586     2.4372     2.4183    0.00000    0.00000 0.0000e+00
      3.814      3.848    15.2954    34.7752  1025.7499     0.0582     2.4265     2.4177    0.00000    0.00000 0.0000e+00
      3.821      3.855    15.2942    34.7759  1025.7507     0.0585     2.4052     2.4170    0.00000    0.00000 0.0000e+00
      3.830      3.864    15.2923    34.7758  1025.7510     0.0595     2.3819     2.4163    0.00000    0.00000 0.0000e+00
      3.851      3.885    15.2888    34.7748  1025.7506     0.0602     2.3707     2.4156    0.00000    0.00000 0.0000e+00
      3.892      3.926    15.2832    34.7727  1025.7496     0.0598     2.3774     2.4150    0.00000    0.00000 0.0000e+00
      3.953      3.988    15.2757    34.7704  1025.7489     0.0583     2.4012     2.4146    0.00000    0.00000 0.0000e+00
      4.028      4.064    15.2677    34.7694  1025.7497     0.0565     2.4350     2.4144    0.00000    0.00000 0.0000e+00
      4.107      4.143    15.2605    34.7708  1025.7528     0.0549     2.4644     2.4145    0.00000    0.00000 0.0000e+00
      4.180      4.217    15.2551    34.7746  1025.7578     0.0536     2.4925     2.4148    0.00000    0.00000 0.0000e+00
      4.240      4.278    15.2517    34.7791  1025.7631     0.0524     2.5302     2.4153    0.00000    0.00000 0.0000e+00
      4.285      4.323    15.2498    34.7831  1025.7676     0.0511     2.5703     2.4157    0.00000    0.00000 0.0000e+00
      4.316      4.355    15.2491    34.7861  1025.7708     0.0499     2.5996     2.4159    0.00000    0.00000 0.0000e+00
      4.341      4.380    15.2487    34.7879  1025.7727     0.0490     2.6124     2.4158    0.00000    0.00000 0.0000e+00
      4.368      4.406    15.2481    34.7884  1025.7734     0.0488     2.6099     2.4155    0.00000    0.00000 0.0000e+00
      4.406      4.445    15.2466    34.7880  1025.7733     0.0491     2.6005     2.4152    0.00000    0.00000 0.0000e+00
      4.461      4.501    15.2439    34.7867  1025.7728     0.0496     2.5956     2.4150    0.00000    0.00000 0.0000e+00
      4.535      4.575    15.2398    34.7852  1025.7722     0.0503     2.6021     2.4149    0.00000    0.00000 0.0000e+00
      4.621      4.662    15.2345    34.7839  1025.7723     0.0514     2.6226     2.4152    0.00000    0.00000 0.0000e+00
      4.711      4.753    15.2285    34.7835  1025.7732     0.0524     2.6608     2.4157    0.00000    0.00000 0.0000e+00
      4.793      4.835    15.2229    34.7841  1025.7753     0.0532     2.7199     2.4164    0.00000    0.00000 0.0000e+00
      4.858      4.901    15.2191    34.7864  1025.7786     0.0533     2.7952     2.4171    0.00000    0.00000 0.0000e+00
      4.901      4.944    15.2178    34.7906  1025.7832     0.0525     2.8691     2.4177    0.00000    0.00000 0.0000e+00
      4.922      4.965    15.2185    34.7950  1025.7876     0.0511     2.9185     2.4178    0.00000    0.00000 0.0000e+00
      4.928      4.972    15.2206    34.7982  1025.7904     0.0496     2.9325     2.4175    0.00000    0.00000 0.0000e+00
      4.929      4.972    15.2234    34.7996  1025.7913     0.0483     2.9211     2.4169    0.00000    0.00000 0.0000e+00
      4.935      4.978    15.2263    34.7999  1025.7911     0.0474     2.9060     2.4162    0.00000    0.00000 0.0000e+00
      4.952      4.995    15.2287    34.7992  1025.7901     0.0472     2.8983     2.4154    0.00000    0.00000 0.0000e+00
      4.983      5.027    15.2294    34.7973  1025.7880     0.0474     2.8976     2.4146    0.00000    0.00000 0.0000e+00
      5.025      5.069    15.2275    34.7939  1025.7852     0.0480     2.9050     2.4139    0.00000    0.00000 0.0000e+00
      5.072      5.117    15.2227    34.7902  1025.7823     0.0486     2.9222     2.4134    0.00000    0.00000 0.0000e+00
      5.123      5.169    15.2149    34.7869  1025.7805     0.0493     2.9447     2.4132    0.00000    0.00000 0.0000e+00
      5.177      5.223    15.2043    34.7844  1025.7798     0.0500     2.9675     2.4131    0.00000    0.00000 0.0000e+00
      5.235      5.281    15.1907    34.7828  1025.7806     0.0507     2.9911     2.4131    0.00000    0.00000 0.0000e+00
      5.298      5.345    15.1742    34.7818  1025.7824     0.0514     3.0168     2.4133    0.00000    0.00000 0.0000e+00
      5.366      5.413    15.1558    34.7812  1025.7852     0.0522     3.0465     2.4139    0.00000    0.00000 0.0000e+00
      5.438      5.485    15.1376    34.7827  1025.7903     0.0533     3.0864     2.4145    0.00000    0.00000 0.0000e+00
      5.508      5.556    15.1212    34.7875  1025.7984     0.0551     3.1387     2.4153    0.00000    0.00000 0.0000e+00
      5.572      5.622    15.1064    34.7934  1025.8073     0.0573     3.1985     2.4160    0.00000    0.00000 0.0000e+00
      5.630      5.680    15.0926    34.7981  1025.8149     0.0596     3.2625     2.4165    0.00000    0.00000 0.0000e+00
      5.682      5.733    15.0796    34.8015  1025.8210     0.0624     3.3204     2.4167    0.00000    0.00000 0.0000e+00
      5.734      5.785    15.0668    34.8045  1025.8265     0.0651     3.3532     2.4168    0.00000    0.00000 0.0000e+00
      5.791      5.843    15.0537    34.8066  1025.8313     0.0653     3.3533     2.4167    0.00000    0.00000 0.0000e+00
      5.855      5.907    15.0404    34.8076  1025.8351     0.0632     3.3306     2.4165    0.00000    0.00000 0.0000e+00
      5.925      5.977    15.0281    34.8091  1025.8395     0.0601     3.3084     2.4161    0.00000    0.00000 0.0000e+00
      5.995      6.048    15.0177    34.8129  1025.8457     0.0568     3.3107     2.4156    0.00000    0.00000 0.0000e+00
      6.062      6.116    15.0095    34.8181  1025.8527     0.0538     3.3400     2.4150    0.00000    0.00000 0.0000e+00
      6.118      6.172    15.0034    34.8231  1025.8591     0.0511     3.3745     2.4142    0.00000    0.00000 0.0000e+00
      6.157      6.212    14.9989    34.8272  1025.8642     0.0487     3.3915     2.4134    0.00000    0.00000 0.0000e+00
      6.176      6.231    14.9962    34.8306  1025.8682     0.0469     3.3809     2.4124    0.00000    0.00000 0.0000e+00
      6.173      6.228    14.9950    34.8333  1025.8713     0.0456     3.3468     2.4113    0.00000    0.00000 0.0000e+00
      6.153      6.207    14.9950    34.8352  1025.8732     0.0448     3.3042     2.4100    0.00000    0.00000 0.0000e+00
      6.125      6.179    14.9954    34.8364  1025.8743     0.0445     3.2679     2.4085    0.00000    0.00000 0.0000e+00
      6.103      6.157    14.9955    34.8374  1025.8750     0.0443     3.2402     2.4070    0.00000    0.00000 0.0000e+00
      6.100      6.154    14.9943    34.8374  1025.8750     0.0443     3.2174     2.4056    0.00000    0.00000 0.0000e+00
      6.125      6.179    14.9912    34.8358  1025.8738     0.0447     3.2073     2.4046    0.00000    0.00000 0.0000e+00
      6.182      6.236    14.9853    34.8327  1025.8718     0.0454     3.2158     2.4039    0.00000    0.00000 0.0000e+00
      6.271      6.326    14.9762    34.8284  1025.8696     0.0462     3.2320     2.4035    0.00000    0.00000 0.0000e+00
      6.390      6.446    14.9637    34.8238  1025.8679     0.0472     3.2415     2.4034    0.00000    0.00000 0.0000e+00
      6.528      6.585    14.9482    34.8192  1025.8670     0.0480     3.2390     2.4035    0.00000    0.00000 0.0000e+00
      6.672      6.731    14.9317    34.8157  1025.8677     0.0481     3.2257     2.4039    0.00000    0.00000 0.0000e+00
      6.810      6.870    14.9171    34.8164  1025.8723     0.0479     3.2075     2.4047    0.00000    0.00000 0.0000e+00
      6.929      6.990    14.9061    34.8221  1025.8808     0.0474     3.1966     2.4056    0.00000    0.00000 0.0000e+00
      7.022      7.084    14.8991    34.8305  1025.8909     0.0469     3.2002     2.4064    0.00000    0.00000 0.0000e+00
      7.084      7.147    14.8955    34.8386  1025.8998     0.0463     3.2229     2.4070    0.00000    0.00000 0.0000e+00
      7.116      7.180    14.8944    34.8449  1025.9064     0.0458     3.2822     2.4072    0.00000    0.00000 0.0000e+00
      7.125      7.189    14.8951    34.8492  1025.9105     0.0454     3.3826     2.4070    0.00000    0.00000 0.0000e+00
      7.119      7.182    14.8968    34.8521  1025.9130     0.0453     3.4882     2.4066    0.00000    0.00000 0.0000e+00
      7.108      7.171    14.8985    34.8535  1025.9138     0.0458     3.5628     2.4058    0.00000    0.00000 0.0000e+00
      7.100      7.163    14.8994    34.8529  1025.9129     0.0470     3.6065     2.4048    0.00000    0.00000 0.0000e+00
      7.101      7.163    14.8990    34.8506  1025.9108     0.0490     3.6294     2.4039    0.00000    0.00000 0.0000e+00
      7.113      7.176    14.8971    34.8477  1025.9084     0.0509     3.6321     2.4030    0.00000    0.00000 0.0000e+00
      7.139      7.202    14.8943    34.8451  1025.9066     0.0515     3.6241     2.4024    0.00000    0.00000 0.0000e+00
      7.178      7.241    14.8909    34.8435  1025.9059     0.0508     3.6106     2.4019    0.00000    0.00000 0.0000e+00
      7.230      7.294    14.8876    34.8431  1025.9065     0.0497     3.5871     2.4014    0.00000    0.00000 0.0000e+00
      7.293      7.358    14.8846    34.8436  1025.9079     0.0484     3.5576     2.4011    0.00000    0.00000 0.0000e+00
      7.368      7.433    14.8818    34.8445  1025.9097     0.0473     3.5346     2.4007    0.00000    0.00000 0.0000e+00
      7.451      7.517    14.8787    34.8450  1025.9111     0.0463     3.5211     2.4004    0.00000    0.00000 0.0000e+00
      7.544      7.611    14.8745    34.8446  1025.9118     0.0457     3.5001     2.4000    0.00000    0.00000 0.0000e+00
      7.646      7.714    14.8687    34.8431  1025.9118     0.0453     3.4568     2.3997    0.00000    0.00000 0.0000e+00
      7.758      7.827    14.8611    34.8406  1025.9113     0.0450     3.3995     2.3994    0.00000    0.00000 0.0000e+00
      7.880      7.950    14.8526    34.8385  1025.9114     0.0447     3.3453     2.3992    0.00000    0.00000 0.0000e+00
      8.006      8.077    14.8445    34.8385  1025.9137     0.0445     3.3060     2.3992    0.00000    0.00000 0.0000e+00
      8.125      8.197    14.8376    34.8408  1025.9178     0.0444     3.2832     2.3991    0.00000    0.00000 0.0000e+00
      8.226      8.299    14.8323    34.8440  1025.9226     0.0446     3.2758     2.3988    0.00000    0.00000 0.0000e+00
      8.300      8.374    14.8288    34.8476  1025.9271     0.0453     3.2826     2.3983    0.00000    0.00000 0.0000e+00
      8.340      8.414    14.8274    34.8514  1025.9314     0.0464     3.2876     2.3975    0.00000    0.00000 0.0000e+00
      8.346      8.420    14.8282    34.8556  1025.9355     0.0479     3.2729     2.3963    0.00000    0.00000 0.0000e+00
      8.324      8.398    14.8304    34.8593  1025.9385     0.0498     3.2451     2.3949    0.00000    0.00000 0.0000e+00
      8.281      8.353    14.8334    34.8615  1025.9398     0.0516     3.2200     2.3931    0.00000    0.00000 0.0000e+00
      8.224      8.296    14.8365    34.8622  1025.9397     0.0525     3.2003     2.3910    0.00000    0.00000 0.0000e+00
      8.168      8.240    14.8394    34.8620  1025.9386     0.0519     3.1894     2.3886    0.00000    0.00000 0.0000e+00
      8.128      8.200    14.8411    34.8608  1025.9368     0.0505     3.1957     2.3861    0.00000    0.00000 0.0000e+00
      8.123      8.195    14.8409    34.8583  1025.9342     0.0491     3.2212     2.3837    0.00000    0.00000 0.0000e+00
      8.164      8.236    14.8382    34.8542  1025.9308     0.0482     3.2674     2.3818    0.00000    0.00000 0.0000e+00
      8.252      8.325    14.8332    34.8495  1025.9277     0.0477     3.3259     2.3805    0.00000    0.00000 0.0000e+00
      8.380      8.454    14.8268    34.8462  1025.9263     0.0476     3.3714     2.3800    0.00000    0.00000 0.0000e+00
      8.530      8.605    14.8196    34.8446  1025.9268     0.0474     3.3933     2.3800    0.00000    0.00000 0.0000e+00
      8.680      8.757    14.8126    34.8445  1025.9288     0.0471     3.4034     2.3805    0.00000    0.00000 0.0000e+00
      8.811      8.890    14.8068    34.8461  1025.9322     0.0465     3.4066     2.3811    0.00000    0.00000 0.0000e+00
      8.910      8.989    14.8029    34.8496  1025.9368     0.0462     3.4047     2.3818    0.00000    0.00000 0.0000e+00
      8.974      9.054    14.8010    34.8537  1025.9416     0.0463     3.4035     2.3822    0.00000    0.00000 0.0000e+00
      9.012      9.093    14.8006    34.8576  1025.9456     0.0469     3.3997     2.3824    0.00000    0.00000 0.0000e+00
      9.037      9.118    14.8009    34.8602  1025.9481     0.0471     3.3880     2.3823    0.00000    0.00000 0.0000e+00
      9.060      9.141    14.8009    34.8610  1025.9489     0.0468     3.3754     2.3821    0.00000    0.00000 0.0000e+00
      9.089      9.169    14.8000    34.8602  1025.9484     0.0461     3.3653     2.3817    0.00000    0.00000 0.0000e+00
      9.127      9.207    14.7980    34.8584  1025.9472     0.0453     3.3491     2.3809    0.00000    0.00000 0.0000e+00
      9.176      9.257    14.7953    34.8567  1025.9463     0.0446     3.3290     2.3799    0.00000    0.00000 0.0000e+00
      9.233      9.314    14.7926    34.8560  1025.9464     0.0441     3.3157     2.3788    0.00000    0.00000 0.0000e+00
      9.290      9.372    14.7902    34.8564  1025.9475     0.0436     3.3150     2.3776    0.00000    0.00000 0.0000e+00
      9.341      9.424    14.7883    34.8574  1025.9491     0.0430     3.3215     2.3764    0.00000    0.00000 0.0000e+00
      9.386      9.469    14.7870    34.8586  1025.9508     0.0426     3.3192     2.3752    0.00000    0.00000 0.0000e+00
