CTD/0. Raw files/stn3conv.cnv
* Sea-Bird SBE 19plus V2 Data File:
* FileName = C:\Documents and Settings\fieldwork\Desktop\130821\stn3.hex
* Software Version Seasave V 7.21d
* Temperature SN = 7390
* Conductivity SN = 7390
* System UpLoad Time = Aug 13 2021 12:47:15
* Real-Time Sample Interval = 0.2500 seconds
* System UTC = Aug 13 2021 12:47:15
# nquan = 11
# nvalues = 2003                        
# units = specified
# name 0 = depSM: Depth [salt water, m], lat = 52.00
# name 1 = prdM: Pressure, Strain Gauge [db]
# name 2 = tv290C: Temperature [ITS-90, deg C]
# name 3 = sal00: Salinity, Practical [PSU]
# name 4 = density00: Density [density, Kg/m^3]
# name 5 = v0: Voltage 0
# name 6 = v1: Voltage 1
# name 7 = v2: Voltage 2
# name 8 = sbeox0Mg/L: Oxygen, SBE 43 [mg/l]
# name 9 = sbeox0PS: Oxygen, SBE 43 [% saturation]
# name 10 = flag:  0.000e+00
# span 0 =      0.133,     23.186       
# span 1 =      0.134,     23.392       
# span 2 =    14.3644,    17.9877       
# span 3 =     0.0198,    35.0428       
# span 4 =   998.6174,  1026.1374       
# span 5 =     0.0289,     4.8988       
# span 6 =     0.0805,     4.8318       
# span 7 =     1.9896,     2.7258       
# span 8 =    0.00000,    0.00000       
# span 9 =    0.00000,    0.00000       
# span 10 = 0.0000e+00, 0.0000e+00      
# interval = seconds: 0.25
# start_time = Aug 13 2021 12:47:15 [System UTC, header]
# bad_flag = -9.990e-29
*END*
[from data line 394]
      1.721      1.736    15.8774    35.0141  1025.7926     0.0478     1.5159     2.3515    0.00000    0.00000 0.0000e+00
      1.668      1.683    15.8749    34.9791  1025.7663     0.0471     1.5239     2.3452    0.00000    0.00000 0.0000e+00
      1.612      1.626    15.8730    34.9390  1025.7358     0.0464     1.5312     2.3426    0.00000    0.00000 0.0000e+00
      1.564      1.578    15.8712    34.9078  1025.7122     0.0460     1.5333     2.3421    0.00000    0.00000 0.0000e+00
      1.531      1.545    15.8690    34.8887  1025.6978     0.0459     1.5294     2.3419    0.00000    0.00000 0.0000e+00
      1.517      1.530    15.8663    34.8795  1025.6911     0.0462     1.5253     2.3407    0.00000    0.00000 0.0000e+00
      1.520      1.533    15.8628    34.8772  1025.6898     0.0467     1.5255     2.3378    0.00000    0.00000 0.0000e+00
      1.538      1.552    15.8588    34.8787  1025.6917     0.0469     1.5298     2.3331    0.00000    0.00000 0.0000e+00
      1.568      1.582    15.8545    34.8815  1025.6948     0.0468     1.5382     2.3264    0.00000    0.00000 0.0000e+00
      1.606      1.620    15.8502    34.8848  1025.6984     0.0465     1.5502     2.3178    0.00000    0.00000 0.0000e+00
      1.644      1.659    15.8463    34.8900  1025.7035     0.0461     1.5646     2.3075    0.00000    0.00000 0.0000e+00
      1.676      1.691    15.8429    34.8995  1025.7119     0.0458     1.5790     2.2959    0.00000    0.00000 0.0000e+00
      1.696      1.711    15.8395    34.9133  1025.7236     0.0458     1.5877     2.2836    0.00000    0.00000 0.0000e+00
      1.701      1.716    15.8352    34.9260  1025.7341     0.0461     1.5865     2.2716    0.00000    0.00000 0.0000e+00
      1.693      1.708    15.8295    34.9303  1025.7381     0.0468     1.5775     2.2611    0.00000    0.00000 0.0000e+00
      1.677      1.692    15.8233    34.9231  1025.7335     0.0477     1.5663     2.2532    0.00000    0.00000 0.0000e+00
      1.662      1.677    15.8173    34.9085  1025.7235     0.0485     1.5548     2.2485    0.00000    0.00000 0.0000e+00
      1.655      1.670    15.8121    34.8972  1025.7162     0.0494     1.5458     2.2470    0.00000    0.00000 0.0000e+00
      1.658      1.673    15.8076    34.8988  1025.7188     0.0506     1.5437     2.2479    0.00000    0.00000 0.0000e+00
      1.668      1.683    15.8036    34.9176  1025.7345     0.0518     1.5476     2.2503    0.00000    0.00000 0.0000e+00
      1.677      1.692    15.7997    34.9547  1025.7641     0.0524     1.5553     2.2529    0.00000    0.00000 0.0000e+00
      1.677      1.692    15.7958    35.0012  1025.8008     0.0523     1.5699     2.2550    0.00000    0.00000 0.0000e+00
      1.664      1.679    15.7925    35.0363  1025.8287     0.0518     1.5905     2.2558    0.00000    0.00000 0.0000e+00
      1.638      1.653    15.7903    35.0428  1025.8345     0.0513     1.6068     2.2550    0.00000    0.00000 0.0000e+00
      1.606      1.620    15.7896    35.0188  1025.8166     0.0509     1.6109     2.2521    0.00000    0.00000 0.0000e+00
      1.576      1.589    15.7906    34.9770  1025.7848     0.0509     1.6034     2.2471    0.00000    0.00000 0.0000e+00
      1.555      1.569    15.7934    34.9353  1025.7527     0.0515     1.5881     2.2403    0.00000    0.00000 0.0000e+00
      1.550      1.564    15.7974    34.9054  1025.7295     0.0525     1.5688     2.2324    0.00000    0.00000 0.0000e+00
      1.559      1.573    15.8017    34.8897  1025.7168     0.0538     1.5478     2.2240    0.00000    0.00000 0.0000e+00
      1.579      1.593    15.8052    34.8849  1025.7123     0.0550     1.5251     2.2158    0.00000    0.00000 0.0000e+00
      1.607      1.621    15.8071    34.8863  1025.7125     0.0559     1.5003     2.2086    0.00000    0.00000 0.0000e+00
      1.639      1.653    15.8075    34.8897  1025.7145     0.0565     1.4776     2.2028    0.00000    0.00000 0.0000e+00
      1.672      1.686    15.8075    34.8917  1025.7157     0.0569     1.4625     2.1982    0.00000    0.00000 0.0000e+00
      1.702      1.717    15.8081    34.8908  1025.7151     0.0571     1.4566     2.1943    0.00000    0.00000 0.0000e+00
      1.726      1.741    15.8101    34.8900  1025.7146     0.0573     1.4581     2.1903    0.00000    0.00000 0.0000e+00
      1.740      1.755    15.8136    34.8924  1025.7163     0.0576     1.4643     2.1859    0.00000    0.00000 0.0000e+00
      1.740      1.755    15.8177    34.8972  1025.7195     0.0578     1.4757     2.1811    0.00000    0.00000 0.0000e+00
      1.723      1.739    15.8216    34.9015  1025.7220     0.0577     1.4928     2.1763    0.00000    0.00000 0.0000e+00
      1.692      1.707    15.8246    34.9028  1025.7220     0.0571     1.5099     2.1722    0.00000    0.00000 0.0000e+00
      1.649      1.664    15.8272    34.8993  1025.7182     0.0564     1.5256     2.1689    0.00000    0.00000 0.0000e+00
      1.603      1.618    15.8304    34.8894  1025.7097     0.0558     1.5427     2.1664    0.00000    0.00000 0.0000e+00
      1.564      1.578    15.8351    34.8756  1025.6983     0.0555     1.5566     2.1641    0.00000    0.00000 0.0000e+00
      1.541      1.554    15.8421    34.8631  1025.6878     0.0554     1.5638     2.1618    0.00000    0.00000 0.0000e+00
      1.538      1.551    15.8514    34.8554  1025.6808     0.0558     1.5681     2.1592    0.00000    0.00000 0.0000e+00
      1.557      1.571    15.8632    34.8552  1025.6792     0.0566     1.5755     2.1563    0.00000    0.00000 0.0000e+00
      1.594      1.608    15.8787    34.8666  1025.6860     0.0575     1.5893     2.1530    0.00000    0.00000 0.0000e+00
      1.640      1.654    15.9002    34.8940  1025.7046     0.0581     1.6083     2.1495    0.00000    0.00000 0.0000e+00
      1.682      1.696    15.9309    34.9331  1025.7313     0.0584     1.6277     2.1458    0.00000    0.00000 0.0000e+00
      1.711      1.726    15.9695    34.9643  1025.7506     0.0584     1.6408     2.1421    0.00000    0.00000 0.0000e+00
      1.724      1.739    16.0074    34.9693  1025.7474     0.0580     1.6405     2.1387    0.00000    0.00000 0.0000e+00
      1.722      1.737    16.0365    34.9459  1025.7206     0.0573     1.6249     2.1360    0.00000    0.00000 0.0000e+00
      1.712      1.727    16.0541    34.9067  1025.6817     0.0569     1.5985     2.1340    0.00000    0.00000 0.0000e+00
      1.697      1.712    16.0612    34.8684  1025.6455     0.0570     1.5682     2.1325    0.00000    0.00000 0.0000e+00
      1.683      1.698    16.0598    34.8430  1025.6219     0.0583     1.5429     2.1310    0.00000    0.00000 0.0000e+00
      1.669      1.683    16.0529    34.8351  1025.6142     0.0602     1.5290     2.1295    0.00000    0.00000 0.0000e+00
      1.653      1.668    16.0428    34.8419  1025.6197     0.0614     1.5275     2.1281    0.00000    0.00000 0.0000e+00
      1.633      1.648    16.0299    34.8545  1025.6309     0.0614     1.5374     2.1272    0.00000    0.00000 0.0000e+00
      1.609      1.624    16.0139    34.8627  1025.6393     0.0606     1.5596     2.1269    0.00000    0.00000 0.0000e+00
      1.585      1.599    15.9953    34.8624  1025.6420     0.0597     1.5942     2.1273    0.00000    0.00000 0.0000e+00
      1.565      1.579    15.9762    34.8576  1025.6419     0.0590     1.6369     2.1281    0.00000    0.00000 0.0000e+00
      1.555      1.569    15.9587    34.8531  1025.6426     0.0589     1.6720     2.1290    0.00000    0.00000 0.0000e+00
      1.556      1.570    15.9440    34.8518  1025.6460     0.0591     1.6828     2.1297    0.00000    0.00000 0.0000e+00
      1.569      1.583    15.9321    34.8552  1025.6527     0.0596     1.6722     2.1296    0.00000    0.00000 0.0000e+00
      1.594      1.608    15.9228    34.8627  1025.6619     0.0602     1.6573     2.1287    0.00000    0.00000 0.0000e+00
      1.630      1.644    15.9156    34.8730  1025.6727     0.0610     1.6505     2.1270    0.00000    0.00000 0.0000e+00
      1.673      1.688    15.9111    34.8855  1025.6846     0.0626     1.6531     2.1244    0.00000    0.00000 0.0000e+00
      1.717      1.733    15.9102    34.9023  1025.6993     0.0654     1.6604     2.1211    0.00000    0.00000 0.0000e+00
      1.755      1.771    15.9141    34.9273  1025.7198     0.0685     1.6711     2.1168    0.00000    0.00000 0.0000e+00
      1.778      1.794    15.9240    34.9587  1025.7443     0.0703     1.6823     2.1116    0.00000    0.00000 0.0000e+00
      1.778      1.794    15.9389    34.9851  1025.7637     0.0703     1.6870     2.1055    0.00000    0.00000 0.0000e+00
      1.752      1.768    15.9546    34.9947  1025.7687     0.0684     1.6862     2.0990    0.00000    0.00000 0.0000e+00
      1.704      1.719    15.9660    34.9818  1025.7552     0.0657     1.6878     2.0925    0.00000    0.00000 0.0000e+00
      1.643      1.657    15.9699    34.9482  1025.7254     0.0633     1.6897     2.0861    0.00000    0.00000 0.0000e+00
      1.584      1.598    15.9649    34.9021  1025.6871     0.0615     1.6796     2.0800    0.00000    0.00000 0.0000e+00
      1.542      1.556    15.9513    34.8559  1025.6504     0.0605     1.6553     2.0745    0.00000    0.00000 0.0000e+00
      1.525      1.539    15.9315    34.8199  1025.6238     0.0601     1.6268     2.0698    0.00000    0.00000 0.0000e+00
      1.537      1.551    15.9094    34.7978  1025.6100     0.0605     1.6038     2.0666    0.00000    0.00000 0.0000e+00
      1.574      1.587    15.8885    34.7890  1025.6079     0.0613     1.5870     2.0652    0.00000    0.00000 0.0000e+00
      1.624      1.639    15.8722    34.7947  1025.6175     0.0620     1.5731     2.0657    0.00000    0.00000 0.0000e+00
      1.675      1.690    15.8636    34.8178  1025.6403     0.0622     1.5659     2.0680    0.00000    0.00000 0.0000e+00
      1.712      1.727    15.8666    34.8597  1025.6765     0.0619     1.5718     2.0714    0.00000    0.00000 0.0000e+00
      1.725      1.740    15.8840    34.9105  1025.7176     0.0610     1.5929     2.0754    0.00000    0.00000 0.0000e+00
      1.711      1.726    15.9129    34.9484  1025.7460     0.0598     1.6192     2.0795    0.00000    0.00000 0.0000e+00
      1.675      1.689    15.9428    34.9554  1025.7473     0.0585     1.6312     2.0833    0.00000    0.00000 0.0000e+00
      1.629      1.643    15.9618    34.9289  1025.7200     0.0575     1.6225     2.0867    0.00000    0.00000 0.0000e+00
      1.590      1.603    15.9640    34.8798  1025.6753     0.0568     1.6020     2.0894    0.00000    0.00000 0.0000e+00
      1.569      1.583    15.9493    34.8264  1025.6298     0.0565     1.5815     2.0912    0.00000    0.00000 0.0000e+00
      1.574      1.588    15.9226    34.7836  1025.5964     0.0565     1.5730     2.0921    0.00000    0.00000 0.0000e+00
      1.603      1.617    15.8912    34.7580  1025.5801     0.0565     1.5815     2.0923    0.00000    0.00000 0.0000e+00
      1.647      1.661    15.8618    34.7523  1025.5821     0.0562     1.5976     2.0919    0.00000    0.00000 0.0000e+00
      1.693      1.707    15.8387    34.7680  1025.6015     0.0558     1.6114     2.0912    0.00000    0.00000 0.0000e+00
      1.728      1.743    15.8245    34.8036  1025.6358     0.0550     1.6224     2.0901    0.00000    0.00000 0.0000e+00
      1.743      1.758    15.8214    34.8529  1025.6790     0.0540     1.6301     2.0885    0.00000    0.00000 0.0000e+00
      1.735      1.751    15.8306    34.9016  1025.7196     0.0523     1.6303     2.0864    0.00000    0.00000 0.0000e+00
      1.706      1.721    15.8497    34.9349  1025.7459     0.0502     1.6188     2.0840    0.00000    0.00000 0.0000e+00
      1.661      1.676    15.8712    34.9456  1025.7518     0.0484     1.5971     2.0812    0.00000    0.00000 0.0000e+00
      1.610      1.625    15.8872    34.9339  1025.7382     0.0475     1.5728     2.0783    0.00000    0.00000 0.0000e+00
      1.564      1.578    15.8935    34.9056  1025.7113     0.0476     1.5539     2.0752    0.00000    0.00000 0.0000e+00
      1.532      1.545    15.8896    34.8701  1025.6803     0.0485     1.5445     2.0722    0.00000    0.00000 0.0000e+00
      1.516      1.530    15.8769    34.8382  1025.6542     0.0501     1.5447     2.0695    0.00000    0.00000 0.0000e+00
      1.518      1.531    15.8585    34.8174  1025.6391     0.0519     1.5499     2.0673    0.00000    0.00000 0.0000e+00
      1.534      1.547    15.8379    34.8082  1025.6350     0.0534     1.5552     2.0658    0.00000    0.00000 0.0000e+00
      1.560      1.574    15.8181    34.8061  1025.6376     0.0544     1.5605     2.0649    0.00000    0.00000 0.0000e+00
      1.596      1.610    15.8010    34.8060  1025.6424     0.0550     1.5669     2.0644    0.00000    0.00000 0.0000e+00
      1.636      1.651    15.7875    34.8067  1025.6476     0.0555     1.5719     2.0641    0.00000    0.00000 0.0000e+00
      1.678      1.693    15.7778    34.8099  1025.6542     0.0560     1.5720     2.0640    0.00000    0.00000 0.0000e+00
      1.716      1.732    15.7720    34.8180  1025.6637     0.0562     1.5713     2.0641    0.00000    0.00000 0.0000e+00
      1.745      1.761    15.7693    34.8324  1025.6770     0.0562     1.5783     2.0642    0.00000    0.00000 0.0000e+00
      1.759      1.775    15.7691    34.8536  1025.6948     0.0561     1.5943     2.0642    0.00000    0.00000 0.0000e+00
      1.756      1.772    15.7707    34.8803  1025.7159     0.0561     1.6114     2.0639    0.00000    0.00000 0.0000e+00
      1.734      1.749    15.7751    34.9060  1025.7356     0.0567     1.6222     2.0631    0.00000    0.00000 0.0000e+00
      1.696      1.712    15.7830    34.9232  1025.7484     0.0578     1.6297     2.0615    0.00000    0.00000 0.0000e+00
      1.651      1.665    15.7918    34.9278  1025.7507     0.0585     1.6392     2.0595    0.00000    0.00000 0.0000e+00
      1.605      1.619    15.7975    34.9178  1025.7410     0.0586     1.6550     2.0570    0.00000    0.00000 0.0000e+00
      1.567      1.581    15.7990    34.8956  1025.7217     0.0583     1.6825     2.0541    0.00000    0.00000 0.0000e+00
      1.542      1.556    15.7965    34.8691  1025.6999     0.0584     1.7181     2.0509    0.00000    0.00000 0.0000e+00
      1.532      1.545    15.7908    34.8455  1025.6814     0.0589     1.7472     2.0475    0.00000    0.00000 0.0000e+00
      1.535      1.548    15.7832    34.8284  1025.6687     0.0597     1.7564     2.0444    0.00000    0.00000 0.0000e+00
      1.550      1.564    15.7756    34.8167  1025.6611     0.0604     1.7474     2.0415    0.00000    0.00000 0.0000e+00
      1.576      1.590    15.7695    34.8085  1025.6567     0.0607     1.7321     2.0387    0.00000    0.00000 0.0000e+00
      1.609      1.623    15.7658    34.8038  1025.6549     0.0606     1.7128     2.0357    0.00000    0.00000 0.0000e+00
      1.644      1.658    15.7644    34.8046  1025.6570     0.0599     1.6856     2.0323    0.00000    0.00000 0.0000e+00
      1.674      1.688    15.7645    34.8133  1025.6647     0.0587     1.6578     2.0283    0.00000    0.00000 0.0000e+00
      1.695      1.709    15.7650    34.8307  1025.6786     0.0576     1.6389     2.0240    0.00000    0.00000 0.0000e+00
      1.703      1.718    15.7650    34.8549  1025.6972     0.0566     1.6310     2.0193    0.00000    0.00000 0.0000e+00
      1.699      1.714    15.7642    34.8800  1025.7163     0.0559     1.6303     2.0147    0.00000    0.00000 0.0000e+00
      1.684      1.698    15.7630    34.9008  1025.7323     0.0554     1.6272     2.0104    0.00000    0.00000 0.0000e+00
      1.660      1.675    15.7618    34.9150  1025.7433     0.0551     1.6173     2.0068    0.00000    0.00000 0.0000e+00
      1.634      1.648    15.7613    34.9213  1025.7483     0.0547     1.6075     2.0040    0.00000    0.00000 0.0000e+00
      1.610      1.625    15.7616    34.9180  1025.7459     0.0542     1.6045     2.0021    0.00000    0.00000 0.0000e+00
