CTD/0. Raw files/stn3conv.cnv
* Sea-Bird SBE 19plus V2 Data File:
* FileName = C:\Documents and Settings\fieldwork\Desktop\130821\stn3.hex
* Software Version Seasave V 7.21d
* Temperature SN = 7390
* Conductivity SN = 7390
* System UpLoad Time = Aug 13 2021 12:47:15
* Real-Time Sample Interval = 0.2500 seconds
* System UTC = Aug 13 2021 12:47:15
# nquan = 11
# nvalues = 2003                        
# units = specified
# name 0 = depSM: Depth [salt water, m], lat = 52.00
# name 1 = prdM: Pressure, Strain Gauge [db]
# name 2 = tv290C: Temperature [ITS-90, deg C]
# name 3 = sal00: Salinity, Practical [PSU]
# name 4 = density00: Density [density, Kg/m^3]
# name 5 = v0: Voltage 0
# name 6 = v1: Voltage 1
# name 7 = v2: Voltage 2
# name 8 = sbeox0Mg/L: Oxygen, SBE 43 [mg/l]
# name 9 = sbeox0PS: Oxygen, SBE 43 [% saturation]
# name 10 = flag:  0.000e+00
# span 0 =      0.133,     23.186       
# span 1 =      0.134,     23.392       
# span 2 =    14.3644,    17.9877       
# span 3 =     0.0198,    35.0428       
# span 4 =   998.6174,  1026.1374       
# span 5 =     0.0289,     4.8988       
# span 6 =     0.0805,     4.8318       
# span 7 =     1.9896,     2.7258       
# span 8 =    0.00000,    0.00000       
# span 9 =    0.00000,    0.00000       
# span 10 = 0.0000e+00, 0.0000e+00      
# interval = seconds: 0.25
# start_time = Aug 13 2021 12:47:15 [System UTC, header]
# bad_flag = -9.990e-29
*END*
[from data line 1050]
     16.666     16.814    14.4994    34.8961  1026.0759     0.0370     3.3741     2.2946    0.00000    0.00000 0.0000e+00
     16.701     16.850    14.4999    34.8956  1026.0754     0.0366     3.2769     2.2917    0.00000    0.00000 0.0000e+00
     16.739     16.888    14.4993    34.8939  1026.0740     0.0362     3.1998     2.2888    0.00000    0.00000 0.0000e+00
     16.782     16.931    14.4971    34.8916  1026.0723     0.0358     3.1581     2.2863    0.00000    0.00000 0.0000e+00
     16.836     16.986    14.4929    34.8885  1026.0703     0.0355     3.1467     2.2838    0.00000    0.00000 0.0000e+00
     16.906     17.056    14.4866    34.8850  1026.0684     0.0354     3.1580     2.2815    0.00000    0.00000 0.0000e+00
     16.989     17.140    14.4791    34.8818  1026.0672     0.0354     3.1863     2.2793    0.00000    0.00000 0.0000e+00
     17.075     17.226    14.4714    34.8801  1026.0676     0.0354     3.2312     2.2774    0.00000    0.00000 0.0000e+00
     17.151     17.303    14.4648    34.8808  1026.0701     0.0354     3.3031     2.2758    0.00000    0.00000 0.0000e+00
     17.213     17.365    14.4603    34.8836  1026.0742     0.0355     3.4125     2.2747    0.00000    0.00000 0.0000e+00
     17.258     17.411    14.4582    34.8880  1026.0792     0.0356     3.5448     2.2741    0.00000    0.00000 0.0000e+00
     17.292     17.445    14.4581    34.8927  1026.0839     0.0357     3.6391     2.2738    0.00000    0.00000 0.0000e+00
     17.321     17.474    14.4594    34.8965  1026.0874     0.0355     3.6485     2.2737    0.00000    0.00000 0.0000e+00
     17.353     17.507    14.4609    34.8986  1026.0892     0.0354     3.5879     2.2735    0.00000    0.00000 0.0000e+00
     17.398     17.552    14.4614    34.8985  1026.0891     0.0358     3.4968     2.2731    0.00000    0.00000 0.0000e+00
     17.462     17.617    14.4598    34.8960  1026.0871     0.0369     3.4209     2.2725    0.00000    0.00000 0.0000e+00
     17.548     17.704    14.4566    34.8920  1026.0843     0.0379     3.3934     2.2718    0.00000    0.00000 0.0000e+00
     17.651     17.808    14.4529    34.8893  1026.0830     0.0385     3.4233     2.2713    0.00000    0.00000 0.0000e+00
     17.760     17.918    14.4497    34.8890  1026.0840     0.0387     3.5150     2.2709    0.00000    0.00000 0.0000e+00
     17.860     18.019    14.4473    34.8902  1026.0862     0.0383     3.6615     2.2705    0.00000    0.00000 0.0000e+00
     17.941     18.100    14.4457    34.8919  1026.0886     0.0376     3.8624     2.2701    0.00000    0.00000 0.0000e+00
     17.999     18.159    14.4449    34.8936  1026.0906     0.0366     4.1039     2.2699    0.00000    0.00000 0.0000e+00
     18.039     18.199    14.4448    34.8950  1026.0922     0.0357     4.3053     2.2701    0.00000    0.00000 0.0000e+00
     18.067     18.228    14.4450    34.8961  1026.0934     0.0349     4.3881     2.2707    0.00000    0.00000 0.0000e+00
     18.088     18.249    14.4456    34.8968  1026.0941     0.0342     4.3432     2.2714    0.00000    0.00000 0.0000e+00
     18.104     18.265    14.4464    34.8974  1026.0945     0.0338     4.2001     2.2718    0.00000    0.00000 0.0000e+00
     18.116     18.277    14.4474    34.8978  1026.0947     0.0335     4.0072     2.2714    0.00000    0.00000 0.0000e+00
     18.128     18.289    14.4482    34.8979  1026.0947     0.0337     3.8236     2.2703    0.00000    0.00000 0.0000e+00
     18.148     18.309    14.4486    34.8975  1026.0943     0.0343     3.6832     2.2685    0.00000    0.00000 0.0000e+00
     18.182     18.343    14.4484    34.8966  1026.0936     0.0348     3.5848     2.2660    0.00000    0.00000 0.0000e+00
     18.235     18.397    14.4473    34.8953  1026.0927     0.0353     3.5258     2.2630    0.00000    0.00000 0.0000e+00
     18.310     18.473    14.4452    34.8936  1026.0918     0.0359     3.5025     2.2596    0.00000    0.00000 0.0000e+00
     18.408     18.571    14.4424    34.8917  1026.0910     0.0367     3.5002     2.2563    0.00000    0.00000 0.0000e+00
     18.522     18.687    14.4395    34.8903  1026.0909     0.0373     3.5042     2.2533    0.00000    0.00000 0.0000e+00
     18.646     18.811    14.4368    34.8902  1026.0920     0.0373     3.5003     2.2508    0.00000    0.00000 0.0000e+00
     18.766     18.933    14.4345    34.8910  1026.0937     0.0365     3.4909     2.2489    0.00000    0.00000 0.0000e+00
     18.874     19.041    14.4327    34.8919  1026.0955     0.0353     3.4862     2.2476    0.00000    0.00000 0.0000e+00
     18.963     19.131    14.4313    34.8929  1026.0971     0.0339     3.4888     2.2467    0.00000    0.00000 0.0000e+00
     19.032     19.201    14.4305    34.8938  1026.0986     0.0325     3.4947     2.2463    0.00000    0.00000 0.0000e+00
     19.084     19.254    14.4301    34.8947  1026.0998     0.0314     3.4754     2.2464    0.00000    0.00000 0.0000e+00
     19.120     19.291    14.4302    34.8956  1026.1008     0.0305     3.4037     2.2468    0.00000    0.00000 0.0000e+00
     19.142     19.313    14.4309    34.8965  1026.1017     0.0297     3.2983     2.2472    0.00000    0.00000 0.0000e+00
     19.151     19.321    14.4321    34.8976  1026.1025     0.0291     3.2007     2.2475    0.00000    0.00000 0.0000e+00
     19.151     19.321    14.4337    34.8986  1026.1031     0.0289     3.1311     2.2477    0.00000    0.00000 0.0000e+00
     19.150     19.320    14.4356    34.8993  1026.1034     0.0291     3.0916     2.2477    0.00000    0.00000 0.0000e+00
     19.154     19.324    14.4374    34.8995  1026.1032     0.0294     3.0875     2.2477    0.00000    0.00000 0.0000e+00
     19.168     19.338    14.4388    34.8992  1026.1027     0.0298     3.1165     2.2476    0.00000    0.00000 0.0000e+00
     19.196     19.366    14.4398    34.8985  1026.1019     0.0301     3.1637     2.2473    0.00000    0.00000 0.0000e+00
     19.239     19.410    14.4403    34.8975  1026.1010     0.0306     3.2132     2.2469    0.00000    0.00000 0.0000e+00
     19.299     19.471    14.4401    34.8963  1026.1001     0.0312     3.2417     2.2463    0.00000    0.00000 0.0000e+00
     19.374     19.546    14.4392    34.8950  1026.0994     0.0318     3.2388     2.2458    0.00000    0.00000 0.0000e+00
     19.457     19.630    14.4378    34.8936  1026.0987     0.0323     3.2284     2.2456    0.00000    0.00000 0.0000e+00
     19.538     19.711    14.4361    34.8925  1026.0984     0.0328     3.2348     2.2454    0.00000    0.00000 0.0000e+00
     19.605     19.779    14.4348    34.8924  1026.0989     0.0331     3.2486     2.2452    0.00000    0.00000 0.0000e+00
     19.649     19.824    14.4343    34.8933  1026.1002     0.0329     3.2543     2.2449    0.00000    0.00000 0.0000e+00
     19.667     19.842    14.4349    34.8950  1026.1019     0.0324     3.2674     2.2445    0.00000    0.00000 0.0000e+00
     19.660     19.834    14.4366    34.8971  1026.1036     0.0320     3.3004     2.2440    0.00000    0.00000 0.0000e+00
     19.634     19.808    14.4392    34.8992  1026.1049     0.0321     3.3284     2.2436    0.00000    0.00000 0.0000e+00
     19.603     19.777    14.4421    34.9006  1026.1055     0.0327     3.3382     2.2435    0.00000    0.00000 0.0000e+00
     19.584     19.758    14.4447    34.9008  1026.1051     0.0336     3.3530     2.2436    0.00000    0.00000 0.0000e+00
     19.591     19.766    14.4465    34.8999  1026.1038     0.0350     3.3842     2.2436    0.00000    0.00000 0.0000e+00
     19.636     19.811    14.4473    34.8982  1026.1021     0.0368     3.4093     2.2435    0.00000    0.00000 0.0000e+00
     19.721     19.896    14.4466    34.8962  1026.1005     0.0389     3.4068     2.2431    0.00000    0.00000 0.0000e+00
     19.841     20.017    14.4442    34.8933  1026.0986     0.0408     3.3846     2.2424    0.00000    0.00000 0.0000e+00
     19.989     20.166    14.4405    34.8898  1026.0967     0.0419     3.3547     2.2415    0.00000    0.00000 0.0000e+00
     20.149     20.328    14.4365    34.8876  1026.0963     0.0422     3.3124     2.2405    0.00000    0.00000 0.0000e+00
     20.306     20.486    14.4331    34.8877  1026.0978     0.0420     3.2633     2.2398    0.00000    0.00000 0.0000e+00
     20.441     20.623    14.4305    34.8889  1026.1003     0.0416     3.2227     2.2396    0.00000    0.00000 0.0000e+00
     20.543     20.725    14.4289    34.8907  1026.1028     0.0410     3.1905     2.2401    0.00000    0.00000 0.0000e+00
     20.606     20.789    14.4281    34.8927  1026.1052     0.0404     3.1592     2.2411    0.00000    0.00000 0.0000e+00
     20.635     20.818    14.4281    34.8945  1026.1071     0.0400     3.1380     2.2423    0.00000    0.00000 0.0000e+00
     20.641     20.824    14.4287    34.8959  1026.1083     0.0399     3.1327     2.2433    0.00000    0.00000 0.0000e+00
     20.639     20.822    14.4297    34.8971  1026.1092     0.0400     3.1266     2.2437    0.00000    0.00000 0.0000e+00
     20.639     20.822    14.4310    34.8978  1026.1096     0.0399     3.1118     2.2434    0.00000    0.00000 0.0000e+00
     20.647     20.831    14.4323    34.8980  1026.1096     0.0395     3.0902     2.2423    0.00000    0.00000 0.0000e+00
     20.663     20.847    14.4337    34.8979  1026.1094     0.0393     3.0703     2.2407    0.00000    0.00000 0.0000e+00
     20.685     20.869    14.4353    34.8980  1026.1093     0.0395     3.0712     2.2388    0.00000    0.00000 0.0000e+00
     20.708     20.892    14.4370    34.8983  1026.1093     0.0400     3.0990     2.2369    0.00000    0.00000 0.0000e+00
     20.730     20.914    14.4388    34.8983  1026.1091     0.0406     3.1559     2.2350    0.00000    0.00000 0.0000e+00
     20.751     20.935    14.4407    34.8983  1026.1088     0.0409     3.2361     2.2333    0.00000    0.00000 0.0000e+00
     20.773     20.957    14.4428    34.8985  1026.1086     0.0412     3.3062     2.2319    0.00000    0.00000 0.0000e+00
     20.797     20.982    14.4449    34.8988  1026.1086     0.0413     3.3468     2.2307    0.00000    0.00000 0.0000e+00
     20.823     21.008    14.4468    34.8987  1026.1082     0.0413     3.3621     2.2296    0.00000    0.00000 0.0000e+00
     20.848     21.033    14.4485    34.8982  1026.1074     0.0411     3.3555     2.2287    0.00000    0.00000 0.0000e+00
     20.873     21.058    14.4499    34.8976  1026.1067     0.0409     3.3360     2.2278    0.00000    0.00000 0.0000e+00
     20.898     21.084    14.4509    34.8969  1026.1059     0.0409     3.3080     2.2269    0.00000    0.00000 0.0000e+00
     20.926     21.112    14.4515    34.8961  1026.1051     0.0411     3.2719     2.2262    0.00000    0.00000 0.0000e+00
     20.964     21.150    14.4516    34.8952  1026.1044     0.0418     3.2424     2.2255    0.00000    0.00000 0.0000e+00
     21.017     21.204    14.4512    34.8943  1026.1038     0.0427     3.2343     2.2249    0.00000    0.00000 0.0000e+00
     21.089     21.277    14.4501    34.8932  1026.1032     0.0433     3.2475     2.2246    0.00000    0.00000 0.0000e+00
     21.176     21.365    14.4482    34.8919  1026.1028     0.0437     3.2845     2.2249    0.00000    0.00000 0.0000e+00
     21.268     21.457    14.4456    34.8907  1026.1025     0.0439     3.3596     2.2256    0.00000    0.00000 0.0000e+00
     21.354     21.543    14.4425    34.8894  1026.1023     0.0440     3.4855     2.2265    0.00000    0.00000 0.0000e+00
     21.423     21.614    14.4397    34.8889  1026.1028     0.0438     3.6277     2.2274    0.00000    0.00000 0.0000e+00
     21.474     21.665    14.4381    34.8900  1026.1045     0.0434     3.7071     2.2283    0.00000    0.00000 0.0000e+00
     21.506     21.698    14.4381    34.8925  1026.1071     0.0433     3.6862     2.2293    0.00000    0.00000 0.0000e+00
     21.522     21.714    14.4396    34.8956  1026.1100     0.0434     3.5899     2.2302    0.00000    0.00000 0.0000e+00
     21.525     21.716    14.4421    34.8986  1026.1123     0.0436     3.4688     2.2308    0.00000    0.00000 0.0000e+00
     21.519     21.710    14.4447    34.9000  1026.1130     0.0435     3.3682     2.2310    0.00000    0.00000 0.0000e+00
     21.509     21.700    14.4468    34.8998  1026.1122     0.0432     3.3102     2.2307    0.00000    0.00000 0.0000e+00
     21.500     21.691    14.4483    34.8985  1026.1107     0.0430     3.2962     2.2300    0.00000    0.00000 0.0000e+00
     21.499     21.690    14.4491    34.8971  1026.1091     0.0432     3.3211     2.2293    0.00000    0.00000 0.0000e+00
     21.511     21.702    14.4495    34.8959  1026.1080     0.0435     3.3807     2.2286    0.00000    0.00000 0.0000e+00
     21.539     21.730    14.4494    34.8951  1026.1073     0.0439     3.4595     2.2281    0.00000    0.00000 0.0000e+00
     21.581     21.772    14.4488    34.8942  1026.1067     0.0442     3.5223     2.2279    0.00000    0.00000 0.0000e+00
     21.632     21.824    14.4476    34.8931  1026.1061     0.0445     3.5351     2.2279    0.00000    0.00000 0.0000e+00
     21.685     21.878    14.4457    34.8918  1026.1054     0.0445     3.5083     2.2282    0.00000    0.00000 0.0000e+00
     21.735     21.929    14.4436    34.8909  1026.1052     0.0441     3.4905     2.2286    0.00000    0.00000 0.0000e+00
     21.779     21.973    14.4414    34.8905  1026.1054     0.0435     3.5211     2.2294    0.00000    0.00000 0.0000e+00
     21.815     22.009    14.4395    34.8906  1026.1061     0.0427     3.6037     2.2303    0.00000    0.00000 0.0000e+00
     21.843     22.038    14.4383    34.8913  1026.1073     0.0416     3.6965     2.2314    0.00000    0.00000 0.0000e+00
     21.864     22.059    14.4381    34.8928  1026.1090     0.0405     3.7521     2.2325    0.00000    0.00000 0.0000e+00
     21.881     22.076    14.4386    34.8946  1026.1107     0.0395     3.7711     2.2336    0.00000    0.00000 0.0000e+00
     21.898     22.093    14.4395    34.8961  1026.1120     0.0391     3.7689     2.2345    0.00000    0.00000 0.0000e+00
     21.920     22.115    14.4400    34.8964  1026.1122     0.0392     3.7357     2.2351    0.00000    0.00000 0.0000e+00
     21.951     22.146    14.4395    34.8954  1026.1113     0.0397     3.6621     2.2354    0.00000    0.00000 0.0000e+00
     21.992     22.187    14.4378    34.8933  1026.1098     0.0402     3.5734     2.2356    0.00000    0.00000 0.0000e+00
     22.041     22.237    14.4352    34.8911  1026.1084     0.0407     3.5182     2.2358    0.00000    0.00000 0.0000e+00
     22.095     22.291    14.4324    34.8895  1026.1079     0.0415     3.5026     2.2361    0.00000    0.00000 0.0000e+00
     22.145     22.341    14.4300    34.8894  1026.1085     0.0425     3.4730     2.2366    0.00000    0.00000 0.0000e+00
     22.182     22.378    14.4286    34.8907  1026.1103     0.0433     3.3858     2.2368    0.00000    0.00000 0.0000e+00
     22.198     22.395    14.4284    34.8930  1026.1127     0.0434     3.2469     2.2367    0.00000    0.00000 0.0000e+00
     22.190     22.387    14.4294    34.8954  1026.1148     0.0429     3.0982     2.2362    0.00000    0.00000 0.0000e+00
     22.160     22.357    14.4312    34.8975  1026.1163     0.0421     2.9820     2.2352    0.00000    0.00000 0.0000e+00
     22.115     22.311    14.4335    34.8989  1026.1170     0.0414     2.9125     2.2336    0.00000    0.00000 0.0000e+00
     22.064     22.260    14.4359    34.8996  1026.1169     0.0410     2.8866     2.2314    0.00000    0.00000 0.0000e+00
     22.018     22.214    14.4382    34.8998  1026.1164     0.0408     2.9014     2.2288    0.00000    0.00000 0.0000e+00
     21.986     22.182    14.4401    34.8993  1026.1154     0.0406     2.9584     2.2262    0.00000    0.00000 0.0000e+00
     21.973     22.168    14.4413    34.8983  1026.1140     0.0406     3.0498     2.2238    0.00000    0.00000 0.0000e+00
     21.979     22.175    14.4419    34.8969  1026.1126     0.0408     3.1533     2.2217    0.00000    0.00000 0.0000e+00
