CTD/0. Raw files/stn4conv.cnv
* Sea-Bird SBE 19plus V2 Data File:
* FileName = C:\Documents and Settings\fieldwork\Desktop\130821\stn4.hex
* Software Version Seasave V 7.21d
* Temperature SN = 7390
* Conductivity SN = 7390
* System UpLoad Time = Aug 13 2021 14:19:39
* Real-Time Sample Interval = 0.2500 seconds
* System UTC = Aug 13 2021 14:19:39
# nquan = 11
# nvalues = 1388                        
# units = specified
# name 0 = depSM: Depth [salt water, m], lat = 52.00
# name 1 = prdM: Pressure, Strain Gauge [db]
# name 2 = tv290C: Temperature [ITS-90, deg C]
# name 3 = sal00: Salinity, Practical [PSU]
# name 4 = density00: Density [density, Kg/m^3]
# name 5 = v0: Voltage 0
# name 6 = v1: Voltage 1
# name 7 = v2: Voltage 2
# name 8 = sbeox0Mg/L: Oxygen, SBE 43 [mg/l]
# name 9 = sbeox0PS: Oxygen, SBE 43 [% saturation]
# name 10 = flag:  0.000e+00
# span 0 =      0.131,     20.611       
# span 1 =      0.133,     20.794       
# span 2 =    14.4138,    18.0522       
# span 3 =     0.0313,    34.9183       
# span 4 =   998.6126,  1026.1199       
# span 5 =     0.0391,     4.8162       
# span 6 =     0.1857,     4.8701       
# span 7 =     1.9581,     2.7638       
# span 8 =    0.00000,    0.00000       
# span 9 =    0.00000,    0.00000       
# span 10 = 0.0000e+00, 0.0000e+00      
# interval = seconds: 0.25
# start_time = Aug 13 2021 14:19:39 [System UTC, header]
# bad_flag = -9.990e-29
*END*
[from data line 919]
     12.197     12.304    15.0482    34.8324  1025.8812     0.0472     3.7381     2.4284    0.00000    0.00000 0.0000e+00
     12.246     12.354    15.0360    34.8372  1025.8881     0.0467     3.7638     2.4277    0.00000    0.00000 0.0000e+00
     12.301     12.410    15.0214    34.8355  1025.8896     0.0465     3.8153     2.4266    0.00000    0.00000 0.0000e+00
     12.360     12.469    15.0061    34.8325  1025.8902     0.0465     3.8622     2.4251    0.00000    0.00000 0.0000e+00
     12.417     12.527    14.9922    34.8332  1025.8942     0.0464     3.8908     2.4233    0.00000    0.00000 0.0000e+00
     12.470     12.580    14.9809    34.8381  1025.9016     0.0463     3.9075     2.4211    0.00000    0.00000 0.0000e+00
     12.521     12.632    14.9711    34.8440  1025.9094     0.0461     3.9194     2.4186    0.00000    0.00000 0.0000e+00
     12.581     12.692    14.9607    34.8470  1025.9145     0.0461     3.9385     2.4161    0.00000    0.00000 0.0000e+00
     12.655     12.767    14.9492    34.8464  1025.9165     0.0464     3.9770     2.4136    0.00000    0.00000 0.0000e+00
     12.744     12.857    14.9374    34.8455  1025.9185     0.0473     4.0229     2.4112    0.00000    0.00000 0.0000e+00
     12.842     12.955    14.9259    34.8467  1025.9224     0.0490     4.0513     2.4089    0.00000    0.00000 0.0000e+00
     12.938     13.053    14.9148    34.8487  1025.9269     0.0511     4.0643     2.4066    0.00000    0.00000 0.0000e+00
     13.025     13.141    14.9046    34.8505  1025.9312     0.0535     4.0740     2.4044    0.00000    0.00000 0.0000e+00
     13.097     13.214    14.8960    34.8532  1025.9361     0.0556     4.0852     2.4023    0.00000    0.00000 0.0000e+00
     13.155     13.271    14.8896    34.8574  1025.9418     0.0559     4.1074     2.4000    0.00000    0.00000 0.0000e+00
     13.203     13.320    14.8844    34.8618  1025.9473     0.0544     4.1442     2.3977    0.00000    0.00000 0.0000e+00
     13.249     13.366    14.8782    34.8638  1025.9505     0.0523     4.1751     2.3952    0.00000    0.00000 0.0000e+00
     13.298     13.415    14.8692    34.8619  1025.9503     0.0503     4.1602     2.3925    0.00000    0.00000 0.0000e+00
     13.353     13.471    14.8563    34.8566  1025.9478     0.0487     4.0862     2.3897    0.00000    0.00000 0.0000e+00
     13.420     13.538    14.8395    34.8499  1025.9449     0.0476     3.9865     2.3869    0.00000    0.00000 0.0000e+00
     13.503     13.623    14.8199    34.8443  1025.9438     0.0469     3.8999     2.3842    0.00000    0.00000 0.0000e+00
     13.605     13.725    14.7980    34.8409  1025.9453     0.0464     3.8457     2.3816    0.00000    0.00000 0.0000e+00
     13.720     13.842    14.7736    34.8382  1025.9481     0.0463     3.8245     2.3794    0.00000    0.00000 0.0000e+00
     13.843     13.966    14.7477    34.8353  1025.9511     0.0463     3.8282     2.3777    0.00000    0.00000 0.0000e+00
     13.965     14.089    14.7224    34.8344  1025.9563     0.0465     3.8448     2.3764    0.00000    0.00000 0.0000e+00
     14.079     14.203    14.7000    34.8384  1025.9655     0.0467     3.8626     2.3754    0.00000    0.00000 0.0000e+00
     14.179     14.305    14.6817    34.8463  1025.9775     0.0469     3.8854     2.3747    0.00000    0.00000 0.0000e+00
     14.261     14.387    14.6680    34.8556  1025.9899     0.0468     3.9284     2.3741    0.00000    0.00000 0.0000e+00
     14.320     14.447    14.6597    34.8656  1026.0019     0.0467     3.9956     2.3735    0.00000    0.00000 0.0000e+00
     14.355     14.482    14.6570    34.8764  1026.0134     0.0469     4.0881     2.3728    0.00000    0.00000 0.0000e+00
     14.366     14.494    14.6594    34.8870  1026.0234     0.0475     4.2095     2.3718    0.00000    0.00000 0.0000e+00
     14.359     14.486    14.6657    34.8961  1026.0309     0.0484     4.3392     2.3705    0.00000    0.00000 0.0000e+00
     14.338     14.465    14.6739    34.9024  1026.0352     0.0490     4.4302     2.3688    0.00000    0.00000 0.0000e+00
     14.311     14.438    14.6817    34.9046  1026.0354     0.0488     4.4389     2.3665    0.00000    0.00000 0.0000e+00
     14.290     14.417    14.6875    34.9025  1026.0320     0.0479     4.3642     2.3637    0.00000    0.00000 0.0000e+00
     14.289     14.416    14.6899    34.8975  1026.0264     0.0468     4.2540     2.3608    0.00000    0.00000 0.0000e+00
     14.318     14.445    14.6879    34.8902  1026.0197     0.0460     4.1544     2.3579    0.00000    0.00000 0.0000e+00
     14.380     14.508    14.6810    34.8811  1026.0124     0.0454     4.0806     2.3555    0.00000    0.00000 0.0000e+00
     14.475     14.603    14.6696    34.8721  1026.0063     0.0451     4.0338     2.3538    0.00000    0.00000 0.0000e+00
     14.592     14.721    14.6546    34.8646  1026.0025     0.0450     4.0043     2.3527    0.00000    0.00000 0.0000e+00
     14.718     14.849    14.6380    34.8588  1026.0011     0.0449     3.9744     2.3520    0.00000    0.00000 0.0000e+00
     14.838     14.969    14.6226    34.8575  1026.0038     0.0447     3.9392     2.3513    0.00000    0.00000 0.0000e+00
     14.939     15.071    14.6103    34.8617  1026.0112     0.0443     3.9142     2.3505    0.00000    0.00000 0.0000e+00
     15.015     15.148    14.6016    34.8688  1026.0203     0.0437     3.9213     2.3495    0.00000    0.00000 0.0000e+00
     15.069     15.203    14.5964    34.8763  1026.0290     0.0432     3.9505     2.3483    0.00000    0.00000 0.0000e+00
     15.107     15.241    14.5939    34.8829  1026.0361     0.0428     3.9622     2.3472    0.00000    0.00000 0.0000e+00
     15.138     15.273    14.5930    34.8879  1026.0412     0.0428     3.9365     2.3459    0.00000    0.00000 0.0000e+00
     15.172     15.307    14.5925    34.8906  1026.0441     0.0431     3.8848     2.3447    0.00000    0.00000 0.0000e+00
     15.215     15.351    14.5915    34.8910  1026.0447     0.0433     3.8270     2.3436    0.00000    0.00000 0.0000e+00
     15.270     15.405    14.5889    34.8892  1026.0436     0.0435     3.7713     2.3423    0.00000    0.00000 0.0000e+00
     15.335     15.472    14.5845    34.8857  1026.0415     0.0435     3.7169     2.3410    0.00000    0.00000 0.0000e+00
     15.410     15.547    14.5792    34.8826  1026.0400     0.0433     3.6711     2.3397    0.00000    0.00000 0.0000e+00
     15.492     15.629    14.5740    34.8815  1026.0405     0.0430     3.6401     2.3384    0.00000    0.00000 0.0000e+00
     15.575     15.713    14.5694    34.8824  1026.0427     0.0428     3.6184     2.3371    0.00000    0.00000 0.0000e+00
     15.654     15.793    14.5655    34.8839  1026.0453     0.0427     3.6019     2.3357    0.00000    0.00000 0.0000e+00
     15.723     15.862    14.5626    34.8855  1026.0479     0.0426     3.5877     2.3341    0.00000    0.00000 0.0000e+00
     15.773     15.913    14.5612    34.8876  1026.0506     0.0425     3.5689     2.3325    0.00000    0.00000 0.0000e+00
     15.799     15.939    14.5617    34.8905  1026.0535     0.0422     3.5428     2.3308    0.00000    0.00000 0.0000e+00
     15.797     15.937    14.5647    34.8944  1026.0568     0.0416     3.5033     2.3290    0.00000    0.00000 0.0000e+00
     15.766     15.906    14.5703    34.8991  1026.0602     0.0410     3.4491     2.3272    0.00000    0.00000 0.0000e+00
     15.713     15.853    14.5780    34.9036  1026.0628     0.0408     3.4032     2.3254    0.00000    0.00000 0.0000e+00
     15.649     15.788    14.5873    34.9069  1026.0639     0.0410     3.3990     2.3237    0.00000    0.00000 0.0000e+00
     15.587     15.726    14.5975    34.9090  1026.0635     0.0417     3.4471     2.3221    0.00000    0.00000 0.0000e+00
     15.544     15.682    14.6074    34.9097  1026.0619     0.0426     3.5213     2.3206    0.00000    0.00000 0.0000e+00
     15.532     15.670    14.6151    34.9078  1026.0581     0.0434     3.5909     2.3194    0.00000    0.00000 0.0000e+00
     15.555     15.693    14.6182    34.9020  1026.0517     0.0442     3.6536     2.3186    0.00000    0.00000 0.0000e+00
     15.610     15.748    14.6151    34.8925  1026.0429     0.0452     3.7140     2.3182    0.00000    0.00000 0.0000e+00
     15.690     15.829    14.6062    34.8805  1026.0333     0.0469     3.7599     2.3180    0.00000    0.00000 0.0000e+00
     15.787     15.927    14.5943    34.8705  1026.0267     0.0503     3.7843     2.3180    0.00000    0.00000 0.0000e+00
     15.893     16.034    14.5821    34.8667  1026.0261     0.0560     3.7855     2.3181    0.00000    0.00000 0.0000e+00
     16.003     16.145    14.5708    34.8675  1026.0299     0.0643     3.7598     2.3183    0.00000    0.00000 0.0000e+00
     16.111     16.254    14.5610    34.8703  1026.0351     0.0758     3.7161     2.3185    0.00000    0.00000 0.0000e+00
     16.215     16.359    14.5531    34.8740  1026.0409     0.0883     3.6681     2.3187    0.00000    0.00000 0.0000e+00
     16.309     16.454    14.5468    34.8780  1026.0465     0.0994     3.6360     2.3190    0.00000    0.00000 0.0000e+00
     16.390     16.535    14.5420    34.8815  1026.0513     0.1124     3.6437     2.3191    0.00000    0.00000 0.0000e+00
     16.455     16.601    14.5387    34.8845  1026.0552     0.1283     3.7071     2.3193    0.00000    0.00000 0.0000e+00
     16.504     16.651    14.5367    34.8873  1026.0586     0.1377     3.8281     2.3195    0.00000    0.00000 0.0000e+00
     16.539     16.686    14.5357    34.8897  1026.0614     0.1328     4.0003     2.3198    0.00000    0.00000 0.0000e+00
     16.563     16.710    14.5355    34.8915  1026.0634     0.1178     4.1894     2.3202    0.00000    0.00000 0.0000e+00
     16.579     16.726    14.5362    34.8930  1026.0648     0.1005     4.3206     2.3204    0.00000    0.00000 0.0000e+00
     16.591     16.738    14.5378    34.8947  1026.0662     0.0850     4.3575     2.3205    0.00000    0.00000 0.0000e+00
     16.600     16.747    14.5401    34.8963  1026.0673     0.0729     4.3328     2.3203    0.00000    0.00000 0.0000e+00
     16.611     16.758    14.5429    34.8975  1026.0679     0.0643     4.2729     2.3198    0.00000    0.00000 0.0000e+00
     16.626     16.773    14.5457    34.8982  1026.0680     0.0583     4.1747     2.3190    0.00000    0.00000 0.0000e+00
     16.650     16.798    14.5477    34.8980  1026.0674     0.0543     4.0597     2.3180    0.00000    0.00000 0.0000e+00
     16.690     16.838    14.5478    34.8961  1026.0655     0.0521     3.9578     2.3169    0.00000    0.00000 0.0000e+00
     16.752     16.900    14.5451    34.8918  1026.0621     0.0513     3.8758     2.3156    0.00000    0.00000 0.0000e+00
     16.834     16.983    14.5399    34.8864  1026.0582     0.0518     3.8307     2.3144    0.00000    0.00000 0.0000e+00
     16.930     17.080    14.5333    34.8817  1026.0557     0.0534     3.8484     2.3134    0.00000    0.00000 0.0000e+00
     17.029     17.180    14.5268    34.8799  1026.0558     0.0566     3.9262     2.3126    0.00000    0.00000 0.0000e+00
     17.120     17.272    14.5214    34.8810  1026.0585     0.0623     4.0425     2.3120    0.00000    0.00000 0.0000e+00
     17.193     17.345    14.5177    34.8836  1026.0622     0.0699     4.1792     2.3118    0.00000    0.00000 0.0000e+00
     17.240     17.393    14.5158    34.8870  1026.0662     0.0751     4.2991     2.3116    0.00000    0.00000 0.0000e+00
     17.259     17.412    14.5160    34.8908  1026.0700     0.0747     4.3530     2.3112    0.00000    0.00000 0.0000e+00
     17.254     17.406    14.5179    34.8946  1026.0733     0.0703     4.3198     2.3106    0.00000    0.00000 0.0000e+00
     17.232     17.384    14.5211    34.8978  1026.0757     0.0650     4.2168     2.3101    0.00000    0.00000 0.0000e+00
     17.205     17.358    14.5246    34.8997  1026.0766     0.0602     4.0950     2.3096    0.00000    0.00000 0.0000e+00
     17.186     17.339    14.5277    34.8998  1026.0759     0.0563     4.0110     2.3093    0.00000    0.00000 0.0000e+00
     17.183     17.335    14.5300    34.8985  1026.0741     0.0533     3.9724     2.3090    0.00000    0.00000 0.0000e+00
     17.196     17.348    14.5311    34.8963  1026.0718     0.0513     3.9421     2.3086    0.00000    0.00000 0.0000e+00
     17.225     17.378    14.5310    34.8938  1026.0695     0.0502     3.9014     2.3083    0.00000    0.00000 0.0000e+00
     17.270     17.424    14.5296    34.8912  1026.0674     0.0499     3.8651     2.3081    0.00000    0.00000 0.0000e+00
     17.335     17.489    14.5272    34.8887  1026.0659     0.0499     3.8392     2.3080    0.00000    0.00000 0.0000e+00
     17.423     17.578    14.5243    34.8872  1026.0654     0.0502     3.8019     2.3082    0.00000    0.00000 0.0000e+00
     17.536     17.691    14.5209    34.8868  1026.0661     0.0503     3.7257     2.3085    0.00000    0.00000 0.0000e+00
     17.669     17.826    14.5169    34.8861  1026.0668     0.0501     3.6110     2.3090    0.00000    0.00000 0.0000e+00
     17.813     17.972    14.5124    34.8848  1026.0672     0.0497     3.4861     2.3097    0.00000    0.00000 0.0000e+00
     17.958     18.118    14.5083    34.8845  1026.0685     0.0493     3.3818     2.3105    0.00000    0.00000 0.0000e+00
     18.089     18.250    14.5052    34.8858  1026.0710     0.0488     3.3176     2.3111    0.00000    0.00000 0.0000e+00
     18.195     18.357    14.5031    34.8878  1026.0739     0.0484     3.2844     2.3115    0.00000    0.00000 0.0000e+00
     18.267     18.429    14.5021    34.8900  1026.0766     0.0482     3.2591     2.3117    0.00000    0.00000 0.0000e+00
     18.301     18.464    14.5022    34.8921  1026.0788     0.0483     3.2438     2.3116    0.00000    0.00000 0.0000e+00
     18.304     18.467    14.5034    34.8942  1026.0806     0.0485     3.2557     2.3112    0.00000    0.00000 0.0000e+00
     18.285     18.448    14.5056    34.8961  1026.0820     0.0482     3.3102     2.3104    0.00000    0.00000 0.0000e+00
     18.250     18.413    14.5085    34.8978  1026.0829     0.0473     3.4063     2.3095    0.00000    0.00000 0.0000e+00
     18.208     18.370    14.5119    34.8989  1026.0831     0.0464     3.4998     2.3086    0.00000    0.00000 0.0000e+00
     18.168     18.329    14.5155    34.8995  1026.0828     0.0459     3.5512     2.3078    0.00000    0.00000 0.0000e+00
     18.140     18.301    14.5191    34.8997  1026.0821     0.0459     3.5720     2.3070    0.00000    0.00000 0.0000e+00
     18.130     18.291    14.5222    34.8992  1026.0808     0.0464     3.5891     2.3063    0.00000    0.00000 0.0000e+00
     18.139     18.300    14.5240    34.8976  1026.0788     0.0471     3.6293     2.3058    0.00000    0.00000 0.0000e+00
     18.165     18.327    14.5241    34.8949  1026.0763     0.0477     3.6977     2.3059    0.00000    0.00000 0.0000e+00
     18.207     18.368    14.5227    34.8915  1026.0735     0.0481     3.7637     2.3063    0.00000    0.00000 0.0000e+00
     18.261     18.423    14.5205    34.8888  1026.0716     0.0480     3.8108     2.3069    0.00000    0.00000 0.0000e+00
     18.327     18.489    14.5183    34.8879  1026.0715     0.0476     3.8563     2.3077    0.00000    0.00000 0.0000e+00
     18.402     18.566    14.5165    34.8884  1026.0726     0.0470     3.9124     2.3086    0.00000    0.00000 0.0000e+00
     18.485     18.650    14.5148    34.8892  1026.0741     0.0463     3.9613     2.3095    0.00000    0.00000 0.0000e+00
     18.572     18.737    14.5127    34.8895  1026.0751     0.0457     3.9847     2.3105    0.00000    0.00000 0.0000e+00
     18.658     18.823    14.5104    34.8888  1026.0753     0.0453     3.9993     2.3113    0.00000    0.00000 0.0000e+00
     18.734     18.901    14.5079    34.8881  1026.0756     0.0451     4.0500     2.3119    0.00000    0.00000 0.0000e+00
     18.796     18.963    14.5055    34.8881  1026.0763     0.0450     4.1560     2.3122    0.00000    0.00000 0.0000e+00
