CTD/0. Raw files/stn4conv.cnv
* Sea-Bird SBE 19plus V2 Data File:
* FileName = C:\Documents and Settings\fieldwork\Desktop\130821\stn4.hex
* Software Version Seasave V 7.21d
* Temperature SN = 7390
* Conductivity SN = 7390
* System UpLoad Time = Aug 13 2021 14:19:39
* Real-Time Sample Interval = 0.2500 seconds
* System UTC = Aug 13 2021 14:19:39
# nquan = 11
# nvalues = 1388                        
# units = specified
# name 0 = depSM: Depth [salt water, m], lat = 52.00
# name 1 = prdM: Pressure, Strain Gauge [db]
# name 2 = tv290C: Temperature [ITS-90, deg C]
# name 3 = sal00: Salinity, Practical [PSU]
# name 4 = density00: Density [density, Kg/m^3]
# name 5 = v0: Voltage 0
# name 6 = v1: Voltage 1
# name 7 = v2: Voltage 2
# name 8 = sbeox0Mg/L: Oxygen, SBE 43 [mg/l]
# name 9 = sbeox0PS: Oxygen, SBE 43 [% saturation]
# name 10 = flag:  0.000e+00
# span 0 =      0.131,     20.611       
# span 1 =      0.133,     20.794       
# span 2 =    14.4138,    18.0522       
# span 3 =     0.0313,    34.9183       
# span 4 =   998.6126,  1026.1199       
# span 5 =     0.0391,     4.8162       
# span 6 =     0.1857,     4.8701       
# span 7 =     1.9581,     2.7638       
# span 8 =    0.00000,    0.00000       
# span 9 =    0.00000,    0.00000       
# span 10 = 0.0000e+00, 0.0000e+00      
# interval = seconds: 0.25
# start_time = Aug 13 2021 14:19:39 [System UTC, header]
# bad_flag = -9.990e-29
*END*
[from data line 1312]
      2.162      2.181    15.9857    34.6166  1025.4805     0.0706     2.2305     2.4442    0.00000    0.00000 0.0000e+00
      2.094      2.113    16.0142    34.6000  1025.4597     0.0716     2.1509     2.4434    0.00000    0.00000 0.0000e+00
      2.042      2.060    16.0377    34.5831  1025.4393     0.0725     2.0883     2.4429    0.00000    0.00000 0.0000e+00
      1.995      2.013    16.0553    34.5665  1025.4198     0.0732     2.0408     2.4426    0.00000    0.00000 0.0000e+00
      1.946      1.963    16.0661    34.5509  1025.4022     0.0735     2.0030     2.4423    0.00000    0.00000 0.0000e+00
      1.890      1.907    16.0711    34.5371  1025.3873     0.0736     1.9703     2.4419    0.00000    0.00000 0.0000e+00
      1.827      1.843    16.0729    34.5269  1025.3767     0.0735     1.9433     2.4412    0.00000    0.00000 0.0000e+00
      1.756      1.772    16.0746    34.5222  1025.3716     0.0731     1.9257     2.4403    0.00000    0.00000 0.0000e+00
      1.683      1.697    16.0772    34.5217  1025.3705     0.0726     1.9147     2.4395    0.00000    0.00000 0.0000e+00
      1.611      1.625    16.0807    34.5221  1025.3702     0.0720     1.9046     2.4389    0.00000    0.00000 0.0000e+00
      1.547      1.560    16.0848    34.5220  1025.3692     0.0716     1.8957     2.4387    0.00000    0.00000 0.0000e+00
      1.494      1.507    16.0895    34.5215  1025.3678     0.0717     1.8900     2.4388    0.00000    0.00000 0.0000e+00
      1.452      1.465    16.0946    34.5206  1025.3659     0.0723     1.8862     2.4392    0.00000    0.00000 0.0000e+00
      1.416      1.429    16.0999    34.5193  1025.3638     0.0732     1.8847     2.4398    0.00000    0.00000 0.0000e+00
      1.379      1.391    16.1048    34.5175  1025.3610     0.0737     1.8863     2.4406    0.00000    0.00000 0.0000e+00
      1.335      1.346    16.1089    34.5149  1025.3576     0.0739     1.8874     2.4414    0.00000    0.00000 0.0000e+00
      1.287      1.298    16.1123    34.5121  1025.3541     0.0742     1.8833     2.4421    0.00000    0.00000 0.0000e+00
      1.245      1.256    16.1153    34.5098  1025.3512     0.0745     1.8755     2.4425    0.00000    0.00000 0.0000e+00
      1.221      1.231    16.1183    34.5082  1025.3491     0.0748     1.8724     2.4427    0.00000    0.00000 0.0000e+00
      1.222      1.232    16.1212    34.5072  1025.3476     0.0752     1.8776     2.4428    0.00000    0.00000 0.0000e+00
      1.249      1.259    16.1236    34.5060  1025.3461     0.0757     1.8864     2.4427    0.00000    0.00000 0.0000e+00
      1.295      1.306    16.1249    34.5040  1025.3441     0.0763     1.8950     2.4425    0.00000    0.00000 0.0000e+00
      1.351      1.363    16.1252    34.5014  1025.3418     0.0767     1.8990     2.4422    0.00000    0.00000 0.0000e+00
      1.405      1.417    16.1248    34.4986  1025.3396     0.0768     1.8947     2.4419    0.00000    0.00000 0.0000e+00
      1.447      1.460    16.1246    34.4959  1025.3377     0.0768     1.8849     2.4415    0.00000    0.00000 0.0000e+00
      1.470      1.483    16.1252    34.4930  1025.3357     0.0772     1.8724     2.4412    0.00000    0.00000 0.0000e+00
      1.469      1.482    16.1261    34.4879  1025.3318     0.0782     1.8569     2.4409    0.00000    0.00000 0.0000e+00
      1.444      1.457    16.1267    34.4777  1025.3238     0.0803     1.8376     2.4405    0.00000    0.00000 0.0000e+00
      1.395      1.407    16.1266    34.4594  1025.3093     0.0844     1.8146     2.4403    0.00000    0.00000 0.0000e+00
      1.326      1.338    16.1263    34.4297  1025.2861     0.0913     1.7927     2.4401    0.00000    0.00000 0.0000e+00
      1.240      1.250    16.1260    34.3814  1025.2488     0.1029     1.7791     2.4400    0.00000    0.00000 0.0000e+00
      1.137      1.147    16.1258    34.3016  1025.1873     0.1223     1.7760     2.4399    0.00000    0.00000 0.0000e+00
      1.024      1.033    16.1259    34.1687  1025.0852     0.1550     1.7818     2.4396    0.00000    0.00000 0.0000e+00
      0.907      0.915    16.1262    33.9475  1024.9155     0.2049     1.7933     2.4390    0.00000    0.00000 0.0000e+00
      0.794      0.800    16.1269    33.5788  1024.6329     0.2726     1.8092     2.4380    0.00000    0.00000 0.0000e+00
      0.684      0.690    16.1277    32.9637  1024.1616     0.3668     1.8324     2.4367    0.00000    0.00000 0.0000e+00
      0.577      0.582    16.1286    31.9380  1023.3761     0.5153     1.8671     2.4351    0.00000    0.00000 0.0000e+00
      0.471      0.475    16.1295    30.2283  1022.0672     0.7639     1.9235     2.4335    0.00000    0.00000 0.0000e+00
      0.371      0.374    16.1303    27.3790  1019.8863     1.1803     2.0232     2.4325    0.00000    0.00000 0.0000e+00
      0.285      0.288    16.1311    22.6346  1016.2553     1.8450     2.1931     2.4324    0.00000    0.00000 0.0000e+00
      0.226      0.228    16.1318    16.6896  1011.7057     2.6975     2.4406     2.4335    0.00000    0.00000 0.0000e+00
      0.189      0.191    16.1321    12.0367  1008.1447     3.4865     2.7398     2.4358    0.00000    0.00000 0.0000e+00
      0.167      0.168    16.1316     9.7441  1006.3897     4.0414     3.0741     2.4397    0.00000    0.00000 0.0000e+00
      0.154      0.155    16.1302     9.3145  1006.0602     4.3836     3.4517     2.4449    0.00000    0.00000 0.0000e+00
      0.145      0.147    16.1277    10.3945  1006.8854     4.5874     3.8167     2.4506    0.00000    0.00000 0.0000e+00
      0.140      0.142    16.1244    12.9421  1008.8326     4.7071     4.0440     2.4556    0.00000    0.00000 0.0000e+00
      0.137      0.138    16.1206    16.2671  1011.3746     4.7747     4.0696     2.4591    0.00000    0.00000 0.0000e+00
      0.135      0.136    16.1173    19.0953  1013.5384     4.8081     3.9326     2.4609    0.00000    0.00000 0.0000e+00
      0.134      0.135    16.1152    20.6086  1014.6980     4.8162     3.7147     2.4615    0.00000    0.00000 0.0000e+00
      0.134      0.135    16.1140    19.7446  1014.0387     4.8014     3.4705     2.4617    0.00000    0.00000 0.0000e+00
      0.134      0.135    16.1133    17.1243  1012.0345     4.7597     3.2222     2.4624    0.00000    0.00000 0.0000e+00
      0.133      0.135    16.1128    15.3694  1010.6911     4.6799     2.9556     2.4638    0.00000    0.00000 0.0000e+00
      0.133      0.135    16.1125    15.2066  1010.5648     4.5434     2.6391     2.4653    0.00000    0.00000 0.0000e+00
      0.133      0.135    16.1123    15.7614  1010.9873     4.3529     2.3082     2.4658    0.00000    0.00000 0.0000e+00
      0.133      0.134    16.1120    16.4383  1011.5036     4.0926     2.0398     2.4639    0.00000    0.00000 0.0000e+00
      0.133      0.134    16.1116    16.8689  1011.8320     3.6900     1.8835     2.4590    0.00000    0.00000 0.0000e+00
      0.133      0.134    16.1111    16.9184  1011.8696     3.1549     1.8303     2.4507    0.00000    0.00000 0.0000e+00
      0.133      0.134    16.1104    16.5654  1011.5999     2.6170     1.7947     2.4394    0.00000    0.00000 0.0000e+00
      0.133      0.135    16.1095    15.8010  1011.0159     2.2034     1.6953     2.4256    0.00000    0.00000 0.0000e+00
      0.133      0.135    16.1084    14.5711  1010.0765     1.9358     1.5298     2.4100    0.00000    0.00000 0.0000e+00
      0.133      0.135    16.1070    12.6314  1008.5949     1.7499     1.3253     2.3934    0.00000    0.00000 0.0000e+00
      0.133      0.135    16.1055    10.1652  1006.7112     1.5920     1.0984     2.3765    0.00000    0.00000 0.0000e+00
      0.133      0.134    16.1042     8.0477  1005.0938     1.4190     0.8665     2.3604    0.00000    0.00000 0.0000e+00
      0.133      0.134    16.1029     6.6772  1004.0469     1.2198     0.6640     2.3458    0.00000    0.00000 0.0000e+00
      0.133      0.134    16.1017     5.7502  1003.3385     1.0337     0.5451     2.3333    0.00000    0.00000 0.0000e+00
      0.133      0.135    16.1002     4.9177  1002.7019     0.9073     0.5329     2.3236    0.00000    0.00000 0.0000e+00
      0.134      0.135    16.0986     4.0502  1002.0382     0.8805     0.5815     2.3173    0.00000    0.00000 0.0000e+00
      0.134      0.136    16.0968     3.2705  1001.4414     0.9559     0.6297     2.3143    0.00000    0.00000 0.0000e+00
      0.134      0.136    16.0949     2.6745  1000.9851     1.0989     0.6628     2.3138    0.00000    0.00000 0.0000e+00
      0.135      0.136    16.0931     2.2369  1000.6500     1.3014     0.7024     2.3150    0.00000    0.00000 0.0000e+00
      0.135      0.136    16.0914     1.9188  1000.4063     1.5747     0.7788     2.3170    0.00000    0.00000 0.0000e+00
      0.135      0.136    16.0900     1.6925  1000.2331     1.9506     0.9139     2.3193    0.00000    0.00000 0.0000e+00
      0.134      0.136    16.0889     1.5375  1000.1144     2.4862     1.1299     2.3215    0.00000    0.00000 0.0000e+00
      0.134      0.135    16.0885     1.4349  1000.0358     3.0920     1.4260     2.3234    0.00000    0.00000 0.0000e+00
      0.134      0.135 -9.990e-29     1.3722   999.9879     3.5349     1.7183     2.3247    0.00000    0.00000 0.0000e+00
      0.134      0.135 -9.990e-29     1.3501   999.9710     3.6861     1.8464     2.3251    0.00000    0.00000 0.0000e+00
