CTD/0. Raw files/stn4conv.cnv
* Sea-Bird SBE 19plus V2 Data File:
* FileName = C:\Documents and Settings\fieldwork\Desktop\130821\stn4.hex
* Software Version Seasave V 7.21d
* Temperature SN = 7390
* Conductivity SN = 7390
* System UpLoad Time = Aug 13 2021 14:19:39
* Real-Time Sample Interval = 0.2500 seconds
* System UTC = Aug 13 2021 14:19:39
# nquan = 11
# nvalues = 1388                        
# units = specified
# name 0 = depSM: Depth [salt water, m], lat = 52.00
# name 1 = prdM: Pressure, Strain Gauge [db]
# name 2 = tv290C: Temperature [ITS-90, deg C]
# name 3 = sal00: Salinity, Practical [PSU]
# name 4 = density00: Density [density, Kg/m^3]
# name 5 = v0: Voltage 0
# name 6 = v1: Voltage 1
# name 7 = v2: Voltage 2
# name 8 = sbeox0Mg/L: Oxygen, SBE 43 [mg/l]
# name 9 = sbeox0PS: Oxygen, SBE 43 [% saturation]
# name 10 = flag:  0.000e+00
# span 0 =      0.131,     20.611       
# span 1 =      0.133,     20.794       
# span 2 =    14.4138,    18.0522       
# span 3 =     0.0313,    34.9183       
# span 4 =   998.6126,  1026.1199       
# span 5 =     0.0391,     4.8162       
# span 6 =     0.1857,     4.8701       
# span 7 =     1.9581,     2.7638       
# span 8 =    0.00000,    0.00000       
# span 9 =    0.00000,    0.00000       
# span 10 = 0.0000e+00, 0.0000e+00      
# interval = seconds: 0.25
# start_time = Aug 13 2021 14:19:39 [System UTC, header]
# bad_flag = -9.990e-29
*END*
[from data line 132]
      0.133      0.134    18.0067     0.0325   998.6214     2.3442     0.2042     2.6234    0.00000    0.00000 0.0000e+00
      0.133      0.135    18.0073     0.0326   998.6214     2.3563     0.1974     2.6234    0.00000    0.00000 0.0000e+00
      0.134      0.135    18.0079     0.0327   998.6213     2.3991     0.1926     2.6234    0.00000    0.00000 0.0000e+00
      0.134      0.136    18.0086     0.0327   998.6212     2.4042     0.1912     2.6234    0.00000    0.00000 0.0000e+00
      0.134      0.136    18.0093     0.0327   998.6211     2.3446     0.1904     2.6233    0.00000    0.00000 0.0000e+00
      0.135      0.136    18.0099     0.0326   998.6210     2.2388     0.1879     2.6233    0.00000    0.00000 0.0000e+00
      0.135      0.136    18.0106     0.0325   998.6208     2.1092     0.1857     2.6233    0.00000    0.00000 0.0000e+00
      0.135      0.136    18.0112     0.0324   998.6205     1.9811     0.1868     2.6233    0.00000    0.00000 0.0000e+00
      0.135      0.136    18.0119     0.0323   998.6203     1.8743     0.1922     2.6232    0.00000    0.00000 0.0000e+00
      0.135      0.136    18.0126     0.0322   998.6201     1.7929     0.2010     2.6232    0.00000    0.00000 0.0000e+00
      0.135      0.136    18.0133     0.0321   998.6199     1.7330     0.2110     2.6232    0.00000    0.00000 0.0000e+00
      0.135      0.136    18.0140     0.0320   998.6198     1.6907     0.2200     2.6233    0.00000    0.00000 0.0000e+00
      0.135      0.136    18.0146     0.0320   998.6196     1.6625     0.2267     2.6233    0.00000    0.00000 0.0000e+00
      0.135      0.137    18.0153     0.0320   998.6195     1.6432     0.2296     2.6233    0.00000    0.00000 0.0000e+00
      0.135      0.137    18.0160     0.0320   998.6193     1.6277     0.2281     2.6233    0.00000    0.00000 0.0000e+00
      0.135      0.137    18.0167     0.0320   998.6192     1.6150     0.2231     2.6233    0.00000    0.00000 0.0000e+00
      0.136      0.137    18.0173     0.0319   998.6191     1.6116     0.2167     2.6233    0.00000    0.00000 0.0000e+00
      0.136      0.137    18.0178     0.0319   998.6189     1.6336     0.2122     2.6233    0.00000    0.00000 0.0000e+00
      0.136      0.137    18.0184     0.0319   998.6188     1.6981     0.2100     2.6232    0.00000    0.00000 0.0000e+00
      0.136      0.137    18.0189     0.0319   998.6187     1.8051     0.2094     2.6233    0.00000    0.00000 0.0000e+00
      0.136      0.137    18.0195     0.0320   998.6186     1.9206     0.2109     2.6234    0.00000    0.00000 0.0000e+00
      0.136      0.137    18.0200     0.0320   998.6186     1.9949     0.2153     2.6234    0.00000    0.00000 0.0000e+00
      0.136      0.137    18.0205     0.0320   998.6185     2.0074     0.2216     2.6234    0.00000    0.00000 0.0000e+00
      0.136      0.137    18.0210     0.0319   998.6183     1.9650     0.2276     2.6234    0.00000    0.00000 0.0000e+00
      0.136      0.137    18.0215     0.0319   998.6182     1.8832     0.2318     2.6235    0.00000    0.00000 0.0000e+00
      0.136      0.137    18.0220     0.0318   998.6180     1.7839     0.2348     2.6235    0.00000    0.00000 0.0000e+00
      0.136      0.137    18.0226     0.0317   998.6179     1.6868     0.2373     2.6234    0.00000    0.00000 0.0000e+00
      0.136      0.137    18.0231     0.0317   998.6177     1.6063     0.2388     2.6233    0.00000    0.00000 0.0000e+00
      0.136      0.137    18.0235     0.0316   998.6176     1.5535     0.2376     2.6233    0.00000    0.00000 0.0000e+00
      0.136      0.137    18.0239     0.0316   998.6175     1.5336     0.2342     2.6232    0.00000    0.00000 0.0000e+00
      0.136      0.137    18.0243     0.0316   998.6174     1.5435     0.2308     2.6231    0.00000    0.00000 0.0000e+00
      0.136      0.137    18.0246     0.0316   998.6173     1.5747     0.2281     2.6231    0.00000    0.00000 0.0000e+00
      0.136      0.138    18.0249     0.0317   998.6173     1.6185     0.2253     2.6232    0.00000    0.00000 0.0000e+00
      0.136      0.138    18.0252     0.0317   998.6173     1.6691     0.2228     2.6232    0.00000    0.00000 0.0000e+00
      0.136      0.138    18.0255     0.0318   998.6173     1.7231     0.2216     2.6231    0.00000    0.00000 0.0000e+00
      0.136      0.138    18.0257     0.0318   998.6173     1.7765     0.2210     2.6231    0.00000    0.00000 0.0000e+00
      0.136      0.137    18.0259     0.0318   998.6172     1.8188     0.2204     2.6231    0.00000    0.00000 0.0000e+00
      0.136      0.137    18.0261     0.0318   998.6171     1.8318     0.2195     2.6231    0.00000    0.00000 0.0000e+00
      0.136      0.137    18.0262     0.0317   998.6170     1.8067     0.2179     2.6232    0.00000    0.00000 0.0000e+00
      0.136      0.137    18.0264     0.0316   998.6169     1.7531     0.2161     2.6232    0.00000    0.00000 0.0000e+00
      0.136      0.137    18.0265     0.0316   998.6169     1.6881     0.2158     2.6232    0.00000    0.00000 0.0000e+00
      0.135      0.137    18.0267     0.0315   998.6168     1.6283     0.2178     2.6232    0.00000    0.00000 0.0000e+00
      0.135      0.137    18.0270     0.0315   998.6168     1.5882     0.2224     2.6232    0.00000    0.00000 0.0000e+00
      0.135      0.137    18.0273     0.0315   998.6167     1.5773     0.2292     2.6233    0.00000    0.00000 0.0000e+00
      0.136      0.137    18.0277     0.0315   998.6167     1.5946     0.2359     2.6233    0.00000    0.00000 0.0000e+00
      0.136      0.137    18.0282     0.0316   998.6167     1.6283     0.2404     2.6233    0.00000    0.00000 0.0000e+00
      0.136      0.137    18.0287     0.0317   998.6167     1.6625     0.2426     2.6233    0.00000    0.00000 0.0000e+00
      0.136      0.137    18.0292     0.0318   998.6167     1.6858     0.2429     2.6232    0.00000    0.00000 0.0000e+00
      0.136      0.137    18.0297     0.0319   998.6167     1.6950     0.2416     2.6231    0.00000    0.00000 0.0000e+00
      0.136      0.137    18.0302     0.0319   998.6166     1.6967     0.2397     2.6231    0.00000    0.00000 0.0000e+00
      0.136      0.137    18.0307     0.0319   998.6165     1.7011     0.2374     2.6232    0.00000    0.00000 0.0000e+00
      0.136      0.137    18.0312     0.0319   998.6164     1.7064     0.2338     2.6232    0.00000    0.00000 0.0000e+00
      0.136      0.137    18.0317     0.0319   998.6163     1.7035     0.2297     2.6232    0.00000    0.00000 0.0000e+00
      0.136      0.137    18.0322     0.0318   998.6161     1.6928     0.2264     2.6231    0.00000    0.00000 0.0000e+00
      0.136      0.137    18.0326     0.0317   998.6160     1.6797     0.2246     2.6231    0.00000    0.00000 0.0000e+00
      0.135      0.137    18.0331     0.0317   998.6158     1.6654     0.2233     2.6230    0.00000    0.00000 0.0000e+00
      0.135      0.137    18.0336     0.0316   998.6157     1.6483     0.2217     2.6231    0.00000    0.00000 0.0000e+00
      0.135      0.136    18.0342     0.0316   998.6156     1.6273     0.2205     2.6231    0.00000    0.00000 0.0000e+00
      0.135      0.136    18.0347     0.0315   998.6155     1.6025     0.2204     2.6231    0.00000    0.00000 0.0000e+00
      0.135      0.137    18.0353     0.0315   998.6154     1.5761     0.2215     2.6231    0.00000    0.00000 0.0000e+00
      0.135      0.137    18.0358     0.0314   998.6152     1.5540     0.2231     2.6231    0.00000    0.00000 0.0000e+00
      0.136      0.137    18.0363     0.0314   998.6151     1.5451     0.2254     2.6231    0.00000    0.00000 0.0000e+00
      0.136      0.137    18.0368     0.0314   998.6150     1.5543     0.2285     2.6231    0.00000    0.00000 0.0000e+00
      0.136      0.137    18.0374     0.0314   998.6149     1.5768     0.2310     2.6231    0.00000    0.00000 0.0000e+00
      0.136      0.137    18.0379     0.0314   998.6148     1.6059     0.2312     2.6231    0.00000    0.00000 0.0000e+00
      0.136      0.138    18.0385     0.0315   998.6147     1.6399     0.2277     2.6232    0.00000    0.00000 0.0000e+00
      0.136      0.138    18.0390     0.0315   998.6147     1.6756     0.2216     2.6232    0.00000    0.00000 0.0000e+00
      0.136      0.138    18.0396     0.0316   998.6146     1.7042     0.2162     2.6232    0.00000    0.00000 0.0000e+00
      0.136      0.138    18.0401     0.0317   998.6146     1.7170     0.2137     2.6233    0.00000    0.00000 0.0000e+00
      0.136      0.137    18.0406     0.0317   998.6145     1.7095     0.2130     2.6234    0.00000    0.00000 0.0000e+00
      0.136      0.137    18.0411     0.0316   998.6143     1.6832     0.2111     2.6234    0.00000    0.00000 0.0000e+00
      0.136      0.137    18.0416     0.0316   998.6142     1.6476     0.2064     2.6233    0.00000    0.00000 0.0000e+00
      0.136      0.137    18.0422     0.0316   998.6141     1.6143     0.2008     2.6233    0.00000    0.00000 0.0000e+00
      0.136      0.137    18.0427     0.0315   998.6139     1.5940     0.1962     2.6233    0.00000    0.00000 0.0000e+00
      0.136      0.137    18.0431     0.0315   998.6138     1.5960     0.1916     2.6233    0.00000    0.00000 0.0000e+00
      0.136      0.137    18.0436     0.0315   998.6138     1.6224     0.1877     2.6233    0.00000    0.00000 0.0000e+00
      0.136      0.137    18.0440     0.0315   998.6137     1.6625     0.1865     2.6233    0.00000    0.00000 0.0000e+00
      0.136      0.137    18.0444     0.0315   998.6137     1.6976     0.1886     2.6233    0.00000    0.00000 0.0000e+00
      0.136      0.137    18.0449     0.0316   998.6136     1.7153     0.1927     2.6233    0.00000    0.00000 0.0000e+00
      0.136      0.138    18.0453     0.0316   998.6135     1.7162     0.1979     2.6233    0.00000    0.00000 0.0000e+00
      0.136      0.138    18.0457     0.0316   998.6135     1.7039     0.2027     2.6233    0.00000    0.00000 0.0000e+00
      0.136      0.138    18.0461     0.0315   998.6134     1.6818     0.2055     2.6233    0.00000    0.00000 0.0000e+00
      0.136      0.137    18.0465     0.0315   998.6132     1.6534     0.2071     2.6234    0.00000    0.00000 0.0000e+00
      0.136      0.137    18.0469     0.0314   998.6131     1.6204     0.2085     2.6234    0.00000    0.00000 0.0000e+00
      0.136      0.138    18.0473     0.0314   998.6130     1.5854     0.2094     2.6234    0.00000    0.00000 0.0000e+00
      0.136      0.138    18.0477     0.0314   998.6129     1.5547     0.2097     2.6234    0.00000    0.00000 0.0000e+00
      0.136      0.138    18.0481     0.0313   998.6128     1.5343     0.2098     2.6234    0.00000    0.00000 0.0000e+00
      0.136      0.138    18.0485     0.0313   998.6127     1.5279     0.2092     2.6234    0.00000    0.00000 0.0000e+00
      0.136      0.138    18.0489     0.0314   998.6127     1.5350     0.2098     2.6233    0.00000    0.00000 0.0000e+00
      0.136      0.138    18.0494     0.0314   998.6126     1.5507     0.2140     2.6232    0.00000    0.00000 0.0000e+00
      0.136      0.137    18.0498     0.0315   998.6126     1.5686     0.2201     2.6231    0.00000    0.00000 0.0000e+00
      0.136      0.137    18.0502     0.0316   998.6126     1.5849     0.2242     2.6231    0.00000    0.00000 0.0000e+00
      0.136      0.137    18.0506     0.0319   998.6127     1.5974     0.2240     2.6231    0.00000    0.00000 0.0000e+00
      0.136      0.137    18.0509     0.0322   998.6129     1.6026     0.2201     2.6232    0.00000    0.00000 0.0000e+00
      0.136      0.137    18.0512     0.0327   998.6133     1.5964     0.2158     2.6232    0.00000    0.00000 0.0000e+00
      0.136      0.137    18.0515     0.0336   998.6139     1.5771     0.2141     2.6232    0.00000    0.00000 0.0000e+00
      0.136      0.137    18.0518     0.0351   998.6150     1.5481     0.2144     2.6232    0.00000    0.00000 0.0000e+00
      0.136      0.137    18.0520     0.0376   998.6168     1.5176     0.2147     2.6232    0.00000    0.00000 0.0000e+00
      0.136      0.137    18.0522     0.0418   998.6199     1.4964     0.2147     2.6232    0.00000    0.00000 0.0000e+00
      0.136      0.138    18.0522     0.0487   998.6252     1.4927     0.2159     2.6232    0.00000    0.00000 0.0000e+00
      0.137      0.138    18.0519     0.0603   998.6340     1.5080     0.2183     2.6231    0.00000    0.00000 0.0000e+00
      0.137      0.139    18.0512     0.0797   998.6488     1.5395     0.2198     2.6231    0.00000    0.00000 0.0000e+00
      0.138      0.140    18.0499     0.1121   998.6736     1.5823     0.2202     2.6231    0.00000    0.00000 0.0000e+00
      0.139      0.141    18.0473     0.1660   998.7148     1.6273     0.2206     2.6232    0.00000    0.00000 0.0000e+00
      0.142      0.143    18.0428     0.2557   998.7835     1.6613     0.2205     2.6234    0.00000    0.00000 0.0000e+00
      0.145      0.146    18.0350     0.4053   998.8981     1.6721     0.2193     2.6235    0.00000    0.00000 0.0000e+00
      0.152      0.153    18.0217     0.6546   999.0892     1.6505     0.2187     2.6237    0.00000    0.00000 0.0000e+00
      0.162      0.163    17.9993     1.0701   999.4077     1.5943     0.2206     2.6238    0.00000    0.00000 0.0000e+00
      0.179      0.181    17.9617     1.7626   999.9386     1.5139     0.2248     2.6239    0.00000    0.00000 0.0000e+00
      0.208      0.210    17.8987     2.9167  1000.8235     1.4305     0.2322     2.6242    0.00000    0.00000 0.0000e+00
      0.256      0.259    17.7933     4.8403  1002.2983     1.3679     0.2493     2.6248    0.00000    0.00000 0.0000e+00
      0.336      0.339    17.6201     8.0463  1004.7564     1.3461     0.2890     2.6259    0.00000    0.00000 0.0000e+00
      0.469      0.473    17.3743    13.3899  1008.8535     1.3376     0.3710     2.6278    0.00000    0.00000 0.0000e+00
      0.659      0.665    17.1045    20.1240  1014.0267     1.2657     0.5137     2.6308    0.00000    0.00000 0.0000e+00
      0.869      0.877    16.8740    25.6467  1018.2948     1.1034     0.7090     2.6359    0.00000    0.00000 0.0000e+00
      1.057      1.066    16.7094    29.1078  1020.9981     0.8986     0.9216     2.6441    0.00000    0.00000 0.0000e+00
      1.202      1.213    16.6041    31.2680  1022.7004     0.7017     1.1199     2.6566    0.00000    0.00000 0.0000e+00
      1.301      1.312    16.5400    32.6038  1023.7585     0.5358     1.2864     2.6734    0.00000    0.00000 0.0000e+00
      1.356      1.367    16.4987    33.4177  1024.4044     0.4060     1.4143     2.6932    0.00000    0.00000 0.0000e+00
      1.377      1.389    16.4655    33.8991  1024.7867     0.3093     1.5054     2.7136    0.00000    0.00000 0.0000e+00
      1.381      1.393    16.4319    34.1744  1025.0064     0.2393     1.5682     2.7326    0.00000    0.00000 0.0000e+00
      1.383      1.395    16.3961    34.3311  1025.1336     0.1896     1.6162     2.7483    0.00000    0.00000 0.0000e+00
      1.391      1.404    16.3612    34.4245  1025.2126     0.1553     1.6622     2.7592    0.00000    0.00000 0.0000e+00
      1.411      1.423    16.3299    34.4888  1025.2701     0.1327     1.7097     2.7638    0.00000    0.00000 0.0000e+00
      1.440      1.453    16.3033    34.5421  1025.3191     0.1181     1.7526     2.7611    0.00000    0.00000 0.0000e+00
      1.475      1.488    16.2816    34.5903  1025.3634     0.1085     1.7842     2.7510    0.00000    0.00000 0.0000e+00
      1.510      1.524    16.2644    34.6335  1025.4029     0.1017     1.8046     2.7346    0.00000    0.00000 0.0000e+00
      1.542      1.556    16.2508    34.6682  1025.4347     0.0965     1.8173     2.7128    0.00000    0.00000 0.0000e+00
      1.565      1.580    16.2399    34.6888  1025.4546     0.0921     1.8259     2.6872    0.00000    0.00000 0.0000e+00
      1.580      1.594    16.2316    34.6913  1025.4597     0.0884     1.8348     2.6602    0.00000    0.00000 0.0000e+00
