CTD/0. Raw files/stn4conv.cnv
* Sea-Bird SBE 19plus V2 Data File:
* FileName = C:\Documents and Settings\fieldwork\Desktop\130821\stn4.hex
* Software Version Seasave V 7.21d
* Temperature SN = 7390
* Conductivity SN = 7390
* System UpLoad Time = Aug 13 2021 14:19:39
* Real-Time Sample Interval = 0.2500 seconds
* System UTC = Aug 13 2021 14:19:39
# nquan = 11
# nvalues = 1388                        
# units = specified
# name 0 = depSM: Depth [salt water, m], lat = 52.00
# name 1 = prdM: Pressure, Strain Gauge [db]
# name 2 = tv290C: Temperature [ITS-90, deg C]
# name 3 = sal00: Salinity, Practical [PSU]
# name 4 = density00: Density [density, Kg/m^3]
# name 5 = v0: Voltage 0
# name 6 = v1: Voltage 1
# name 7 = v2: Voltage 2
# name 8 = sbeox0Mg/L: Oxygen, SBE 43 [mg/l]
# name 9 = sbeox0PS: Oxygen, SBE 43 [% saturation]
# name 10 = flag:  0.000e+00
# span 0 =      0.131,     20.611       
# span 1 =      0.133,     20.794       
# span 2 =    14.4138,    18.0522       
# span 3 =     0.0313,    34.9183       
# span 4 =   998.6126,  1026.1199       
# span 5 =     0.0391,     4.8162       
# span 6 =     0.1857,     4.8701       
# span 7 =     1.9581,     2.7638       
# span 8 =    0.00000,    0.00000       
# span 9 =    0.00000,    0.00000       
# span 10 = 0.0000e+00, 0.0000e+00      
# interval = seconds: 0.25
# start_time = Aug 13 2021 14:19:39 [System UTC, header]
# bad_flag = -9.990e-29
*END*
[from data line 1050]
     18.858     19.026    14.5035    34.8896  1026.0788     0.0440     4.3814     2.3123    0.00000    0.00000 0.0000e+00
     18.858     19.025    14.5055    34.8935  1026.0822     0.0434     4.4024     2.3121    0.00000    0.00000 0.0000e+00
     18.843     19.010    14.5087    34.8977  1026.0855     0.0429     4.3421     2.3119    0.00000    0.00000 0.0000e+00
     18.826     18.993    14.5120    34.8996  1026.0864     0.0427     4.2406     2.3113    0.00000    0.00000 0.0000e+00
     18.821     18.988    14.5146    34.8991  1026.0853     0.0428     4.1342     2.3106    0.00000    0.00000 0.0000e+00
     18.836     19.003    14.5158    34.8972  1026.0832     0.0431     4.0405     2.3098    0.00000    0.00000 0.0000e+00
     18.874     19.041    14.5155    34.8947  1026.0809     0.0436     3.9740     2.3089    0.00000    0.00000 0.0000e+00
     18.929     19.097    14.5132    34.8914  1026.0784     0.0443     3.9339     2.3082    0.00000    0.00000 0.0000e+00
     18.990     19.159    14.5092    34.8875  1026.0757     0.0447     3.9142     2.3075    0.00000    0.00000 0.0000e+00
     19.046     19.215    14.5050    34.8847  1026.0743     0.0447     3.8999     2.3067    0.00000    0.00000 0.0000e+00
     19.086     19.256    14.5021    34.8853  1026.0758     0.0443     3.8664     2.3057    0.00000    0.00000 0.0000e+00
     19.104     19.273    14.5014    34.8883  1026.0791     0.0437     3.8268     2.3045    0.00000    0.00000 0.0000e+00
     19.098     19.267    14.5029    34.8926  1026.0830     0.0431     3.8309     2.3029    0.00000    0.00000 0.0000e+00
     19.074     19.244    14.5059    34.8969  1026.0864     0.0428     3.8895     2.3011    0.00000    0.00000 0.0000e+00
     19.044     19.214    14.5089    34.8991  1026.0876     0.0428     3.9484     2.2992    0.00000    0.00000 0.0000e+00
     19.023     19.192    14.5109    34.8984  1026.0864     0.0433     3.9545     2.2975    0.00000    0.00000 0.0000e+00
     19.023     19.192    14.5114    34.8961  1026.0840     0.0441     3.8987     2.2961    0.00000    0.00000 0.0000e+00
     19.055     19.224    14.5105    34.8933  1026.0815     0.0452     3.8123     2.2952    0.00000    0.00000 0.0000e+00
     19.121     19.290    14.5078    34.8904  1026.0795     0.0468     3.7430     2.2949    0.00000    0.00000 0.0000e+00
     19.216     19.386    14.5028    34.8872  1026.0776     0.0487     3.7158     2.2953    0.00000    0.00000 0.0000e+00
     19.332     19.503    14.4954    34.8830  1026.0754     0.0513     3.7075     2.2960    0.00000    0.00000 0.0000e+00
     19.458     19.631    14.4862    34.8785  1026.0736     0.0543     3.6985     2.2969    0.00000    0.00000 0.0000e+00
     19.580     19.754    14.4772    34.8761  1026.0739     0.0564     3.7105     2.2979    0.00000    0.00000 0.0000e+00
     19.683     19.858    14.4700    34.8775  1026.0774     0.0569     3.7587     2.2988    0.00000    0.00000 0.0000e+00
     19.755     19.931    14.4654    34.8818  1026.0830     0.0558     3.8272     2.2996    0.00000    0.00000 0.0000e+00
     19.787     19.963    14.4636    34.8871  1026.0888     0.0535     3.8736     2.3002    0.00000    0.00000 0.0000e+00
     19.777     19.953    14.4645    34.8926  1026.0939     0.0511     3.8496     2.3005    0.00000    0.00000 0.0000e+00
     19.732     19.907    14.4677    34.8976  1026.0980     0.0493     3.7485     2.3005    0.00000    0.00000 0.0000e+00
     19.669     19.843    14.4724    34.9017  1026.1007     0.0481     3.6218     2.2999    0.00000    0.00000 0.0000e+00
     19.607     19.781    14.4776    34.9041  1026.1015     0.0477     3.5318     2.2989    0.00000    0.00000 0.0000e+00
     19.563     19.737    14.4820    34.9041  1026.1004     0.0479     3.5020     2.2977    0.00000    0.00000 0.0000e+00
     19.546     19.720    14.4850    34.9022  1026.0977     0.0488     3.5109     2.2965    0.00000    0.00000 0.0000e+00
     19.555     19.729    14.4865    34.8989  1026.0942     0.0497     3.5262     2.2956    0.00000    0.00000 0.0000e+00
     19.584     19.758    14.4867    34.8957  1026.0912     0.0499     3.5367     2.2948    0.00000    0.00000 0.0000e+00
     19.622     19.796    14.4862    34.8935  1026.0894     0.0495     3.5456     2.2942    0.00000    0.00000 0.0000e+00
     19.661     19.836    14.4853    34.8922  1026.0885     0.0488     3.5406     2.2938    0.00000    0.00000 0.0000e+00
     19.693     19.868    14.4844    34.8914  1026.0882     0.0481     3.4993     2.2936    0.00000    0.00000 0.0000e+00
     19.714     19.889    14.4840    34.8917  1026.0886     0.0478     3.4350     2.2936    0.00000    0.00000 0.0000e+00
     19.723     19.898    14.4844    34.8930  1026.0899     0.0480     3.3925     2.2938    0.00000    0.00000 0.0000e+00
     19.722     19.897    14.4851    34.8944  1026.0910     0.0487     3.3960     2.2939    0.00000    0.00000 0.0000e+00
     19.720     19.895    14.4855    34.8949  1026.0913     0.0495     3.4298     2.2939    0.00000    0.00000 0.0000e+00
     19.722     19.898    14.4852    34.8943  1026.0907     0.0505     3.4666     2.2936    0.00000    0.00000 0.0000e+00
     19.735     19.910    14.4836    34.8927  1026.0895     0.0512     3.5020     2.2930    0.00000    0.00000 0.0000e+00
     19.758     19.934    14.4806    34.8905  1026.0880     0.0514     3.5425     2.2925    0.00000    0.00000 0.0000e+00
     19.790     19.966    14.4763    34.8879  1026.0865     0.0513     3.5730     2.2922    0.00000    0.00000 0.0000e+00
     19.829     20.005    14.4714    34.8860  1026.0858     0.0510     3.5766     2.2922    0.00000    0.00000 0.0000e+00
     19.875     20.051    14.4666    34.8855  1026.0866     0.0506     3.5682     2.2927    0.00000    0.00000 0.0000e+00
     19.928     20.105    14.4621    34.8858  1026.0881     0.0501     3.5705     2.2936    0.00000    0.00000 0.0000e+00
     19.989     20.166    14.4581    34.8863  1026.0898     0.0496     3.5854     2.2948    0.00000    0.00000 0.0000e+00
     20.052     20.230    14.4549    34.8874  1026.0918     0.0492     3.6018     2.2961    0.00000    0.00000 0.0000e+00
     20.113     20.291    14.4524    34.8891  1026.0942     0.0489     3.6034     2.2974    0.00000    0.00000 0.0000e+00
     20.163     20.342    14.4503    34.8904  1026.0962     0.0487     3.5832     2.2986    0.00000    0.00000 0.0000e+00
     20.200     20.379    14.4483    34.8908  1026.0972     0.0485     3.5585     2.2996    0.00000    0.00000 0.0000e+00
     20.224     20.404    14.4463    34.8910  1026.0979     0.0483     3.5470     2.3006    0.00000    0.00000 0.0000e+00
     20.245     20.425    14.4438    34.8912  1026.0986     0.0482     3.5340     2.3014    0.00000    0.00000 0.0000e+00
     20.272     20.452    14.4403    34.8905  1026.0987     0.0484     3.4924     2.3021    0.00000    0.00000 0.0000e+00
     20.313     20.494    14.4349    34.8883  1026.0977     0.0488     3.4311     2.3026    0.00000    0.00000 0.0000e+00
     20.372     20.553    14.4283    34.8851  1026.0962     0.0497     3.3753     2.3030    0.00000    0.00000 0.0000e+00
     20.442     20.624    14.4220    34.8833  1026.0963     0.0508     3.3268     2.3033    0.00000    0.00000 0.0000e+00
     20.514     20.697    14.4175    34.8852  1026.0995     0.0514     3.2802     2.3034    0.00000    0.00000 0.0000e+00
     20.575     20.758    14.4147    34.8892  1026.1042     0.0515     3.2291     2.3034    0.00000    0.00000 0.0000e+00
     20.611     20.794    14.4138    34.8925  1026.1078     0.0512     3.1675     2.3033    0.00000    0.00000 0.0000e+00
     20.611     20.794    14.4155    34.8960  1026.1112     0.0506     3.1144     2.3030    0.00000    0.00000 0.0000e+00
     20.571     20.753    14.4199    34.9009  1026.1149     0.0495     3.0828     2.3022    0.00000    0.00000 0.0000e+00
     20.490     20.672    14.4268    34.9061  1026.1183     0.0481     3.0545     2.3009    0.00000    0.00000 0.0000e+00
     20.377     20.558    14.4349    34.9101  1026.1199     0.0467     3.0197     2.2989    0.00000    0.00000 0.0000e+00
     20.246     20.425    14.4428    34.9115  1026.1189     0.0456     2.9869     2.2963    0.00000    0.00000 0.0000e+00
     20.114     20.292    14.4495    34.9102  1026.1156     0.0450     2.9610     2.2930    0.00000    0.00000 0.0000e+00
     20.000     20.178    14.4546    34.9073  1026.1111     0.0448     2.9422     2.2893    0.00000    0.00000 0.0000e+00
     19.922     20.100    14.4576    34.9036  1026.1065     0.0447     2.9336     2.2856    0.00000    0.00000 0.0000e+00
     19.893     20.070    14.4584    34.8994  1026.1020     0.0447     2.9386     2.2823    0.00000    0.00000 0.0000e+00
     19.915     20.092    14.4569    34.8951  1026.0981     0.0447     2.9583     2.2796    0.00000    0.00000 0.0000e+00
     19.984     20.161    14.4534    34.8907  1026.0949     0.0450     2.9933     2.2778    0.00000    0.00000 0.0000e+00
     20.085     20.263    14.4485    34.8868  1026.0927     0.0453     3.0389     2.2770    0.00000    0.00000 0.0000e+00
     20.199     20.378    14.4435    34.8846  1026.0922     0.0457     3.0954     2.2769    0.00000    0.00000 0.0000e+00
     20.306     20.486    14.4395    34.8852  1026.0943     0.0460     3.1659     2.2773    0.00000    0.00000 0.0000e+00
     20.390     20.571    14.4368    34.8878  1026.0977     0.0463     3.2279     2.2783    0.00000    0.00000 0.0000e+00
     20.441     20.623    14.4350    34.8902  1026.1007     0.0463     3.2574     2.2794    0.00000    0.00000 0.0000e+00
     20.457     20.638    14.4342    34.8923  1026.1029     0.0457     3.2666     2.2806    0.00000    0.00000 0.0000e+00
     20.441     20.623    14.4340    34.8942  1026.1047     0.0449     3.2802     2.2815    0.00000    0.00000 0.0000e+00
     20.403     20.584    14.4345    34.8955  1026.1057     0.0443     3.3127     2.2823    0.00000    0.00000 0.0000e+00
     20.352     20.533    14.4355    34.8966  1026.1064     0.0439     3.3589     2.2827    0.00000    0.00000 0.0000e+00
     20.297     20.477    14.4372    34.8977  1026.1069     0.0438     3.3986     2.2828    0.00000    0.00000 0.0000e+00
     20.245     20.424    14.4392    34.8987  1026.1072     0.0437     3.4273     2.2828    0.00000    0.00000 0.0000e+00
     20.196     20.375    14.4412    34.8993  1026.1071     0.0435     3.4626     2.2829    0.00000    0.00000 0.0000e+00
     20.149     20.327    14.4430    34.8991  1026.1062     0.0432     3.5157     2.2831    0.00000    0.00000 0.0000e+00
     20.093     20.271    14.4447    34.8983  1026.1050     0.0429     3.5556     2.2835    0.00000    0.00000 0.0000e+00
     20.018     20.195    14.4467    34.8981  1026.1041     0.0425     3.5367     2.2839    0.00000    0.00000 0.0000e+00
     19.915     20.092    14.4489    34.8986  1026.1036     0.0422     3.4626     2.2842    0.00000    0.00000 0.0000e+00
     19.787     19.963    14.4512    34.8991  1026.1030     0.0422     3.3659     2.2840    0.00000    0.00000 0.0000e+00
     19.643     19.817    14.4532    34.8989  1026.1017     0.0424     3.2723     2.2833    0.00000    0.00000 0.0000e+00
     19.494     19.667    14.4548    34.8981  1026.1000     0.0425     3.2006     2.2822    0.00000    0.00000 0.0000e+00
     19.355     19.527    14.4561    34.8973  1026.0983     0.0426     3.1514     2.2809    0.00000    0.00000 0.0000e+00
     19.237     19.408    14.4573    34.8968  1026.0971     0.0426     3.1164     2.2796    0.00000    0.00000 0.0000e+00
     19.148     19.317    14.4582    34.8963  1026.0960     0.0425     3.1007     2.2785    0.00000    0.00000 0.0000e+00
     19.083     19.252    14.4590    34.8959  1026.0952     0.0421     3.1114     2.2779    0.00000    0.00000 0.0000e+00
     19.031     19.199    14.4596    34.8955  1026.0944     0.0415     3.1350     2.2777    0.00000    0.00000 0.0000e+00
     18.976     19.144    14.4602    34.8951  1026.0937     0.0407     3.1441     2.2780    0.00000    0.00000 0.0000e+00
     18.902     19.069    14.4609    34.8950  1026.0932     0.0399     3.1232     2.2785    0.00000    0.00000 0.0000e+00
     18.796     18.963    14.4619    34.8953  1026.0928     0.0394     3.0820     2.2790    0.00000    0.00000 0.0000e+00
     18.655     18.821    14.4635    34.8960  1026.0925     0.0393     3.0461     2.2794    0.00000    0.00000 0.0000e+00
     18.484     18.648    14.4656    34.8968  1026.0922     0.0395     3.0289     2.2797    0.00000    0.00000 0.0000e+00
     18.290     18.453    14.4684    34.8980  1026.0919     0.0399     3.0262     2.2799    0.00000    0.00000 0.0000e+00
     18.085     18.245    14.4716    34.8992  1026.0914     0.0406     3.0352     2.2802    0.00000    0.00000 0.0000e+00
     17.877     18.036    14.4749    34.8997  1026.0902     0.0415     3.0507     2.2808    0.00000    0.00000 0.0000e+00
     17.678     17.835    14.4780    34.8995  1026.0885     0.0424     3.0709     2.2817    0.00000    0.00000 0.0000e+00
     17.495     17.650    14.4808    34.8989  1026.0865     0.0432     3.1101     2.2828    0.00000    0.00000 0.0000e+00
     17.329     17.483    14.4833    34.8981  1026.0845     0.0439     3.1749     2.2841    0.00000    0.00000 0.0000e+00
     17.181     17.334    14.4856    34.8975  1026.0828     0.0445     3.2467     2.2853    0.00000    0.00000 0.0000e+00
     17.051     17.202    14.4879    34.8970  1026.0813     0.0453     3.2968     2.2864    0.00000    0.00000 0.0000e+00
     16.935     17.085    14.4900    34.8966  1026.0799     0.0466     3.3119     2.2870    0.00000    0.00000 0.0000e+00
     16.827     16.976    14.4920    34.8962  1026.0787     0.0473     3.2997     2.2874    0.00000    0.00000 0.0000e+00
     16.721     16.870    14.4940    34.8959  1026.0775     0.0469     3.2773     2.2877    0.00000    0.00000 0.0000e+00
     16.612     16.759    14.4960    34.8957  1026.0764     0.0457     3.2627     2.2880    0.00000    0.00000 0.0000e+00
     16.495     16.641    14.4982    34.8958  1026.0755     0.0442     3.2575     2.2884    0.00000    0.00000 0.0000e+00
     16.366     16.510    14.5007    34.8961  1026.0748     0.0428     3.2487     2.2888    0.00000    0.00000 0.0000e+00
     16.224     16.367    14.5038    34.8967  1026.0741     0.0418     3.2280     2.2890    0.00000    0.00000 0.0000e+00
     16.070     16.212    14.5074    34.8975  1026.0735     0.0413     3.1978     2.2891    0.00000    0.00000 0.0000e+00
     15.904     16.045    14.5117    34.8985  1026.0728     0.0412     3.1683     2.2892    0.00000    0.00000 0.0000e+00
     15.728     15.867    14.5169    34.8996  1026.0722     0.0413     3.1519     2.2893    0.00000    0.00000 0.0000e+00
     15.543     15.681    14.5228    34.9009  1026.0714     0.0414     3.1573     2.2893    0.00000    0.00000 0.0000e+00
     15.353     15.489    14.5293    34.9020  1026.0703     0.0413     3.1844     2.2894    0.00000    0.00000 0.0000e+00
     15.162     15.296    14.5361    34.9025  1026.0685     0.0410     3.2301     2.2895    0.00000    0.00000 0.0000e+00
     14.974     15.107    14.5433    34.9026  1026.0664     0.0406     3.2868     2.2898    0.00000    0.00000 0.0000e+00
     14.794     14.925    14.5508    34.9027  1026.0642     0.0400     3.3412     2.2902    0.00000    0.00000 0.0000e+00
     14.627     14.757    14.5587    34.9028  1026.0620     0.0395     3.3920     2.2907    0.00000    0.00000 0.0000e+00
     14.476     14.604    14.5670    34.9032  1026.0599     0.0392     3.4547     2.2912    0.00000    0.00000 0.0000e+00
     14.343     14.470    14.5760    34.9035  1026.0579     0.0391     3.5306     2.2916    0.00000    0.00000 0.0000e+00
     14.223     14.349    14.5856    34.9041  1026.0560     0.0394     3.5935     2.2917    0.00000    0.00000 0.0000e+00
     14.109     14.234    14.5958    34.9048  1026.0541     0.0398     3.6307     2.2916    0.00000    0.00000 0.0000e+00
